This is an xLogicCircuits data file.
DO NOT EDIT THIS FILE!
File format version 1.0
1 
=Basic Gates
40960 40960 3686400 2801664 
40960 40960 3686400 2801664 
12 21 4 4
<2 1341 -1 3 3 4 5 
<2 2276 -1 2 6 7 
<2 5054 -1 1 17 
<2 6875 -1 1 13 
>0 551 2 0 
>0 1605 1 0 
>0 2803 0 0 
>0 5964 10 0 
N0 1499136 155648 286720 204800 3 1 2 
R0 1490944 466944 327680 286720 4 6 1 1 
A0 1490944 868352 327680 286720 5 7 1 0 
A0 1720320 1671168 327680 286720 18 11 1 8 
A0 1728512 2170880 327680 286720 12 14 1 9 
R0 2539520 1916928 327680 286720 8 9 1 10 
N0 1089536 1761280 286720 204800 16 1 11 
N0 1081344 2154496 286720 204800 20 1 12 
T107 289 13 2 14 15 
T107 228 15 1 16 
T88 215 17 2 18 19 
T88 276 19 1 20 
4 
Two or More
81920 81920 442368 442368 
40960 40960 3686400 2801664 
5 11 3 1
<2 2228 -1 2 0 1 
<2 3713 -1 2 2 3 
<2 5174 -1 2 4 5 
>0 3761 10 0 
A0 1359872 573440 327680 286720 0 2 1 6 
A0 1359872 1163264 327680 286720 1 4 1 7 
A0 1359872 1777664 327680 286720 3 5 1 9 
R0 2113536 860160 327680 286720 6 7 1 8 
R0 2990080 1179648 327680 286720 8 9 1 10 
4-Bit Adder
81920 688128 442368 442368 
40960 40960 3686400 2801664 
4 16 8 5
<1 874 -1 1 8 
<1 1693 -1 1 9 
<1 2494 -1 1 10 
<1 3295 -1 1 11 
<1 7355 -1 1 15 
<1 6572 -1 1 14 
<1 5789 -1 1 13 
<1 4933 -1 1 12 
>2 6108 4 0 
>3 2494 0 0 
>3 3532 1 0 
>3 4569 2 0 
>3 5571 3 0 
*Adder
425984 1302528 540672 311296 
40960 40960 3686400 2801664 
3 8 3 2
<1 2476 8 1 4 
<1 5261 12 1 0 
<0 1246 7 1 1 
>3 3623 2 1 0 
>2 6875 7 1 4 
*Half Adder
2080768 729088 892928 688128 
40960 40960 3686400 2801664 
6 12 2 2
<1 2840 0 3 2 3 9 
<1 5006 1 3 4 5 10 
>3 3859 6 1 3 
>2 6635 11 1 5 
A3 1245184 1024000 286720 327680 0 5 1 7 
A3 2088960 1024000 286720 327680 3 1 1 8 
N3 1228800 614400 204800 286720 2 1 0 
N3 2179072 622592 204800 286720 4 1 1 
R3 1630208 2080768 286720 327680 7 8 1 6 
A3 466944 638976 286720 327680 9 10 1 11 
*Half Adder
1253376 1703936 901120 720896 
40960 40960 3686400 2801664 
6 12 2 2
<1 2840 4 3 2 3 9 
<1 5006 3 3 4 5 10 
>3 3859 6 1 2 
>2 6635 11 1 6 
A3 1245184 1024000 286720 327680 0 5 1 7 
A3 2088960 1024000 286720 327680 3 1 1 8 
N3 1228800 614400 204800 286720 2 1 0 
N3 2179072 622592 204800 286720 4 1 1 
R3 1630208 2080768 286720 327680 7 8 1 6 
A3 466944 638976 286720 327680 9 10 1 11 
R2 557056 1171456 327680 286720 5 6 1 7 
*Adder
1196032 1302528 540672 311296 
40960 40960 3686400 2801664 
3 8 3 2
<1 2476 9 1 4 
<1 5261 13 1 0 
<0 1246 6 1 1 
>3 3623 2 1 1 
>2 6875 7 1 7 
*Half Adder
2080768 729088 892928 688128 
40960 40960 3686400 2801664 
6 12 2 2
<1 2840 0 3 2 3 9 
<1 5006 1 3 4 5 10 
>3 3859 6 1 3 
>2 6635 11 1 5 
A3 1245184 1024000 286720 327680 0 5 1 7 
A3 2088960 1024000 286720 327680 3 1 1 8 
N3 1228800 614400 204800 286720 2 1 0 
N3 2179072 622592 204800 286720 4 1 1 
R3 1630208 2080768 286720 327680 7 8 1 6 
A3 466944 638976 286720 327680 9 10 1 11 
*Half Adder
1253376 1703936 901120 720896 
40960 40960 3686400 2801664 
6 12 2 2
<1 2840 4 3 2 3 9 
<1 5006 3 3 4 5 10 
>3 3859 6 1 2 
>2 6635 11 1 6 
A3 1245184 1024000 286720 327680 0 5 1 7 
A3 2088960 1024000 286720 327680 3 1 1 8 
N3 1228800 614400 204800 286720 2 1 0 
N3 2179072 622592 204800 286720 4 1 1 
R3 1630208 2080768 286720 327680 7 8 1 6 
A3 466944 638976 286720 327680 9 10 1 11 
R2 557056 1171456 327680 286720 5 6 1 7 
*Adder
1974272 1302528 540672 311296 
40960 40960 3686400 2801664 
3 8 3 2
<1 2476 10 1 4 
<1 5261 14 1 0 
<0 1246 5 1 1 
>3 3623 2 1 2 
>2 6875 7 1 6 
*Half Adder
2080768 729088 892928 688128 
40960 40960 3686400 2801664 
6 12 2 2
<1 2840 0 3 2 3 9 
<1 5006 1 3 4 5 10 
>3 3859 6 1 3 
>2 6635 11 1 5 
A3 1245184 1024000 286720 327680 0 5 1 7 
A3 2088960 1024000 286720 327680 3 1 1 8 
N3 1228800 614400 204800 286720 2 1 0 
N3 2179072 622592 204800 286720 4 1 1 
R3 1630208 2080768 286720 327680 7 8 1 6 
A3 466944 638976 286720 327680 9 10 1 11 
*Half Adder
1253376 1703936 901120 720896 
40960 40960 3686400 2801664 
6 12 2 2
<1 2840 4 3 2 3 9 
<1 5006 3 3 4 5 10 
>3 3859 6 1 2 
>2 6635 11 1 6 
A3 1245184 1024000 286720 327680 0 5 1 7 
A3 2088960 1024000 286720 327680 3 1 1 8 
N3 1228800 614400 204800 286720 2 1 0 
N3 2179072 622592 204800 286720 4 1 1 
R3 1630208 2080768 286720 327680 7 8 1 6 
A3 466944 638976 286720 327680 9 10 1 11 
R2 557056 1171456 327680 286720 5 6 1 7 
*Adder
2744320 1294336 540672 311296 
40960 40960 3686400 2801664 
3 8 3 2
<1 2476 11 1 4 
<1 5261 15 1 0 
<0 1246 -1 1 1 
>3 3623 2 1 3 
>2 6875 7 1 5 
*Half Adder
2080768 729088 892928 688128 
40960 40960 3686400 2801664 
6 12 2 2
<1 2840 0 3 2 3 9 
<1 5006 1 3 4 5 10 
>3 3859 6 1 3 
>2 6635 11 1 5 
A3 1245184 1024000 286720 327680 0 5 1 7 
A3 2088960 1024000 286720 327680 3 1 1 8 
N3 1228800 614400 204800 286720 2 1 0 
N3 2179072 622592 204800 286720 4 1 1 
R3 1630208 2080768 286720 327680 7 8 1 6 
A3 466944 638976 286720 327680 9 10 1 11 
*Half Adder
1253376 1703936 901120 720896 
40960 40960 3686400 2801664 
6 12 2 2
<1 2840 4 3 2 3 9 
<1 5006 3 3 4 5 10 
>3 3859 6 1 2 
>2 6635 11 1 6 
A3 1245184 1024000 286720 327680 0 5 1 7 
A3 2088960 1024000 286720 327680 3 1 1 8 
N3 1228800 614400 204800 286720 2 1 0 
N3 2179072 622592 204800 286720 4 1 1 
R3 1630208 2080768 286720 327680 7 8 1 6 
A3 466944 638976 286720 327680 9 10 1 11 
R2 557056 1171456 327680 286720 5 6 1 7 
4-Bit Minus
81920 1294336 442368 442368 
40960 40960 3686400 2801664 
9 20 8 4
<1 655 -1 1 9 
<1 1475 -1 1 10 
<1 2348 -1 1 11 
<1 3149 -1 1 12 
<1 7336 -1 1 16 
<1 6572 -1 1 15 
<1 5771 -1 1 14 
<1 4970 -1 1 13 
>3 2112 5 0 
>3 3131 6 0 
>3 4151 7 0 
>3 5243 8 0 
*Adder
311296 1302528 540672 311296 
40960 40960 3686400 2801664 
3 8 3 2
<1 2476 9 1 4 
<1 5261 4 1 0 
<0 1246 18 1 1 
>3 3623 2 1 5 
>2 6875 7 0 
*Half Adder
2080768 729088 892928 688128 
40960 40960 3686400 2801664 
6 12 2 2
<1 2840 0 3 2 3 9 
<1 5006 1 3 4 5 10 
>3 3859 6 1 3 
>2 6635 11 1 5 
A3 1245184 1024000 286720 327680 0 5 1 7 
A3 2088960 1024000 286720 327680 3 1 1 8 
N3 1228800 614400 204800 286720 2 1 0 
N3 2179072 622592 204800 286720 4 1 1 
R3 1630208 2080768 286720 327680 7 8 1 6 
A3 466944 638976 286720 327680 9 10 1 11 
*Half Adder
1253376 1703936 901120 720896 
40960 40960 3686400 2801664 
6 12 2 2
<1 2840 4 3 2 3 9 
<1 5006 3 3 4 5 10 
>3 3859 6 1 2 
>2 6635 11 1 6 
A3 1245184 1024000 286720 327680 0 5 1 7 
A3 2088960 1024000 286720 327680 3 1 1 8 
N3 1228800 614400 204800 286720 2 1 0 
N3 2179072 622592 204800 286720 4 1 1 
R3 1630208 2080768 286720 327680 7 8 1 6 
A3 466944 638976 286720 327680 9 10 1 11 
R2 557056 1171456 327680 286720 5 6 1 7 
*Adder
1089536 1302528 540672 311296 
40960 40960 3686400 2801664 
3 8 3 2
<1 2476 10 1 4 
<1 5261 3 1 0 
<0 1246 17 1 1 
>3 3623 2 1 6 
>2 6875 7 1 18 
*Half Adder
2080768 729088 892928 688128 
40960 40960 3686400 2801664 
6 12 2 2
<1 2840 0 3 2 3 9 
<1 5006 1 3 4 5 10 
>3 3859 6 1 3 
>2 6635 11 1 5 
A3 1245184 1024000 286720 327680 0 5 1 7 
A3 2088960 1024000 286720 327680 3 1 1 8 
N3 1228800 614400 204800 286720 2 1 0 
N3 2179072 622592 204800 286720 4 1 1 
R3 1630208 2080768 286720 327680 7 8 1 6 
A3 466944 638976 286720 327680 9 10 1 11 
*Half Adder
1253376 1703936 901120 720896 
40960 40960 3686400 2801664 
6 12 2 2
<1 2840 4 3 2 3 9 
<1 5006 3 3 4 5 10 
>3 3859 6 1 2 
>2 6635 11 1 6 
A3 1245184 1024000 286720 327680 0 5 1 7 
A3 2088960 1024000 286720 327680 3 1 1 8 
N3 1228800 614400 204800 286720 2 1 0 
N3 2179072 622592 204800 286720 4 1 1 
R3 1630208 2080768 286720 327680 7 8 1 6 
A3 466944 638976 286720 327680 9 10 1 11 
R2 557056 1171456 327680 286720 5 6 1 7 
*Adder
1892352 1310720 540672 311296 
40960 40960 3686400 2801664 
3 8 3 2
<1 2476 11 1 4 
<1 5261 2 1 0 
<0 1246 19 1 1 
>3 3623 2 1 7 
>2 6875 7 1 17 
*Half Adder
2080768 729088 892928 688128 
40960 40960 3686400 2801664 
6 12 2 2
<1 2840 0 3 2 3 9 
<1 5006 1 3 4 5 10 
>3 3859 6 1 3 
>2 6635 11 1 5 
A3 1245184 1024000 286720 327680 0 5 1 7 
A3 2088960 1024000 286720 327680 3 1 1 8 
N3 1228800 614400 204800 286720 2 1 0 
N3 2179072 622592 204800 286720 4 1 1 
R3 1630208 2080768 286720 327680 7 8 1 6 
A3 466944 638976 286720 327680 9 10 1 11 
*Half Adder
1253376 1703936 901120 720896 
40960 40960 3686400 2801664 
6 12 2 2
<1 2840 4 3 2 3 9 
<1 5006 3 3 4 5 10 
>3 3859 6 1 2 
>2 6635 11 1 6 
A3 1245184 1024000 286720 327680 0 5 1 7 
A3 2088960 1024000 286720 327680 3 1 1 8 
N3 1228800 614400 204800 286720 2 1 0 
N3 2179072 622592 204800 286720 4 1 1 
R3 1630208 2080768 286720 327680 7 8 1 6 
A3 466944 638976 286720 327680 9 10 1 11 
R2 557056 1171456 327680 286720 5 6 1 7 
*Adder
2637824 1310720 540672 311296 
40960 40960 3686400 2801664 
3 8 3 2
<1 2476 12 1 4 
<1 5261 1 1 0 
<0 1246 0 1 1 
>3 3623 2 1 8 
>2 6875 7 1 19 
*Half Adder
2080768 729088 892928 688128 
40960 40960 3686400 2801664 
6 12 2 2
<1 2840 0 3 2 3 9 
<1 5006 1 3 4 5 10 
>3 3859 6 1 3 
>2 6635 11 1 5 
A3 1245184 1024000 286720 327680 0 5 1 7 
A3 2088960 1024000 286720 327680 3 1 1 8 
N3 1228800 614400 204800 286720 2 1 0 
N3 2179072 622592 204800 286720 4 1 1 
R3 1630208 2080768 286720 327680 7 8 1 6 
A3 466944 638976 286720 327680 9 10 1 11 
*Half Adder
1253376 1703936 901120 720896 
40960 40960 3686400 2801664 
6 12 2 2
<1 2840 4 3 2 3 9 
<1 5006 3 3 4 5 10 
>3 3859 6 1 2 
>2 6635 11 1 6 
A3 1245184 1024000 286720 327680 0 5 1 7 
A3 2088960 1024000 286720 327680 3 1 1 8 
N3 1228800 614400 204800 286720 2 1 0 
N3 2179072 622592 204800 286720 4 1 1 
R3 1630208 2080768 286720 327680 7 8 1 6 
A3 466944 638976 286720 327680 9 10 1 11 
R2 557056 1171456 327680 286720 5 6 1 7 
N2 3284992 1277952 286720 204800 -1 1 0 
N3 2867200 901120 204800 286720 16 1 1 
N3 2121728 909312 204800 286720 15 1 2 
N3 1318912 909312 204800 286720 14 1 3 
N3 540672 909312 204800 286720 13 1 4 
For Ex. 4
81920 1900544 442368 442368 
40960 40960 3686400 2801664 
25 36 4 3
<2 1006 -1 1 16 
<2 2707 -1 1 13 
<2 4431 -1 1 10 
<2 6132 -1 1 7 
>0 6922 0 0 
>0 1174 31 0 
>0 3617 18 0 
R0 3121152 2236416 327680 286720 3 1 1 0 
N0 2564096 2326528 286720 204800 2 1 1 
A0 2048000 2285568 327680 286720 5 9 1 2 
A0 2039808 1957888 327680 286720 6 4 1 3 
R0 1343488 2113536 327680 286720 15 12 2 4 5 
N0 1589248 1941504 286720 204800 17 1 6 
T31 259 7 1 8 
T31 303 8 1 9 
T50 190 10 2 11 23 
T50 282 11 1 12 
T68 120 13 3 14 22 34 
T68 269 14 1 15 
T87 51 16 2 24 32 
T87 250 25 1 17 
R0 3080192 1138688 327680 286720 19 20 1 18 
A0 2490368 1359872 327680 286720 30 23 1 20 
A0 2482176 892928 327680 286720 21 26 1 19 
N0 2015232 876544 286720 204800 22 1 21 
T87 153 24 2 25 27 
T274 133 28 1 26 
T274 153 27 2 28 29 
T274 177 29 1 30 
R0 2744320 327680 327680 286720 32 33 1 31 
N0 2179072 417792 286720 204800 35 1 33 
T68 64 34 1 35 
