This is an xLogicCircuits data file.
DO NOT EDIT THIS FILE!
File format version 1.0
1 
=Feedback Examples
40960 40960 3686400 2801664 
40960 40960 3686400 2801664 
16 22 3 3
<2 3377 -1 1 12 
<2 6060 -1 1 14 
<2 6659 -1 1 21 
>0 958 5 0 
>0 3545 7 0 
>0 6252 16 0 
N0 1474560 294912 286720 204800 4 1 0 
T262 49 0 2 1 5 
T262 81 1 1 2 
T147 81 2 1 3 
T147 49 3 1 4 
R0 1466368 1114112 327680 286720 12 9 1 6 
T276 202 8 1 10 
T276 154 6 2 7 8 
T150 160 11 1 9 
T150 202 10 1 11 
R0 1810432 2007040 327680 286720 14 13 1 15 
A0 1269760 2203648 327680 286720 20 19 1 13 
T278 320 17 1 18 
T278 263 15 2 16 17 
T155 320 18 1 19 
N0 778240 2187264 286720 204800 21 1 20 
5 
1-Bit Mem
81920 2506752 442368 442368 
40960 40960 3686400 2801664 
10 15 2 1
<2 3329 -1 2 7 8 
<1 1493 -1 1 11 
>0 3258 0 0 
R0 2842624 1015808 327680 286720 14 1 2 0 2 
A0 2187264 1277952 327680 286720 5 4 1 1 
T387 234 2 1 3 
T267 234 3 1 4 
A0 991232 737280 327680 286720 13 8 1 14 
A0 1007616 1220608 327680 286720 10 9 1 6 
N0 401408 1310720 286720 204800 7 1 9 
N0 1466368 1261568 286720 204800 6 1 5 
T90 160 12 1 10 
T90 101 11 2 12 13 
Guarded 1-Bit Mem
32768 2473984 540672 507904 
40960 40960 3686400 2801664 
4 8 3 1
<2 3785 -1 1 7 
<1 3077 -1 1 4 
<3 1456 -1 2 2 5 
>0 3952 0 0 
*1-Bit Mem
1179648 1146880 966656 450560 
40960 40960 3686400 2801664 
10 15 2 1
<2 3329 7 2 7 8 
<1 1493 3 1 11 
>0 3258 0 1 1 
R0 2842624 1015808 327680 286720 14 1 2 0 2 
A0 2187264 1277952 327680 286720 5 4 1 1 
T387 234 2 1 3 
T267 234 3 1 4 
A0 991232 737280 327680 286720 13 8 1 14 
A0 1007616 1220608 327680 286720 10 9 1 6 
N0 401408 1310720 286720 204800 7 1 9 
N0 1466368 1261568 286720 204800 6 1 5 
T90 160 12 1 10 
T90 101 11 2 12 13 
A0 2891776 1245184 327680 286720 1 2 1 0 
A3 1236992 663552 286720 327680 6 4 1 3 
T88 81 5 1 6 
Count Reg
81920 2506752 442368 442368 
40960 40960 3686400 2801664 
9 15 1 3
<1 1566 -1 1 14 
>0 1940 0 0 
>0 4096 1 0 
>0 6300 2 0 
*Flip Flop
671744 614400 442368 442368 
40960 40960 3686400 2801664 
22 31 2 1
<2 2898 6 2 3 5 
<1 1256 14 1 7 
>0 4886 14 3 0 3 13 
R0 2048000 712704 327680 286720 10 2 1 12 
A0 1622016 901120 327680 286720 0 11 1 2 
N0 278528 933888 286720 204800 3 1 4 
A0 770048 843776 327680 286720 6 4 1 1 
A0 770048 532480 327680 286720 9 5 1 10 
N0 1187840 884736 286720 204800 1 1 0 
T77 114 8 2 6 23 
T77 75 7 2 8 9 
T198 150 13 2 11 27 
T290 150 12 1 13 
R0 2703360 1556480 327680 286720 21 15 2 14 16 
A0 2228224 1777664 327680 286720 19 18 1 15 
T370 261 16 1 17 
T272 261 17 1 18 
N0 1843200 1761280 286720 204800 20 1 19 
A0 1433600 1720320 327680 286720 26 22 1 20 
A0 1433600 1433600 327680 286720 24 30 1 21 
N0 1081344 1810432 286720 204800 29 1 22 
N3 524288 1236992 204800 286720 23 2 24 25 
T77 221 25 1 26 
T132 150 27 1 28 
T132 199 28 2 29 30 
*Flip Flop
1490944 1294336 442368 442368 
40960 40960 3686400 2801664 
22 31 2 1
<2 2898 8 2 3 5 
<1 1256 13 1 7 
>0 4886 14 3 1 4 12 
R0 2048000 712704 327680 286720 10 2 1 12 
A0 1622016 901120 327680 286720 0 11 1 2 
N0 278528 933888 286720 204800 3 1 4 
A0 770048 843776 327680 286720 6 4 1 1 
A0 770048 532480 327680 286720 9 5 1 10 
N0 1187840 884736 286720 204800 1 1 0 
T77 114 8 2 6 23 
T77 75 7 2 8 9 
T198 150 13 2 11 27 
T290 150 12 1 13 
R0 2703360 1556480 327680 286720 21 15 2 14 16 
A0 2228224 1777664 327680 286720 19 18 1 15 
T370 261 16 1 17 
T272 261 17 1 18 
N0 1843200 1761280 286720 204800 20 1 19 
A0 1433600 1720320 327680 286720 26 22 1 20 
A0 1433600 1433600 327680 286720 24 30 1 21 
N0 1081344 1810432 286720 204800 29 1 22 
N3 524288 1236992 204800 286720 23 2 24 25 
T77 221 25 1 26 
T132 150 27 1 28 
T132 199 28 2 29 30 
*Flip Flop
2326528 2039808 442368 442368 
40960 40960 3686400 2801664 
22 31 2 1
<2 2898 11 2 3 5 
<1 1256 12 1 7 
>0 4886 14 2 2 9 
R0 2048000 712704 327680 286720 10 2 1 12 
A0 1622016 901120 327680 286720 0 11 1 2 
N0 278528 933888 286720 204800 3 1 4 
A0 770048 843776 327680 286720 6 4 1 1 
A0 770048 532480 327680 286720 9 5 1 10 
N0 1187840 884736 286720 204800 1 1 0 
T77 114 8 2 6 23 
T77 75 7 2 8 9 
T198 150 13 2 11 27 
T290 150 12 1 13 
R0 2703360 1556480 327680 286720 21 15 2 14 16 
A0 2228224 1777664 327680 286720 19 18 1 15 
T370 261 16 1 17 
T272 261 17 1 18 
N0 1843200 1761280 286720 204800 20 1 19 
A0 1433600 1720320 327680 286720 26 22 1 20 
A0 1433600 1433600 327680 286720 24 30 1 21 
N0 1081344 1810432 286720 204800 29 1 22 
N3 524288 1236992 204800 286720 23 2 24 25 
T77 221 25 1 26 
T132 150 27 1 28 
T132 199 28 2 29 30 
N2 827392 1097728 286720 204800 3 1 5 
N2 1646592 1785856 286720 204800 4 1 7 
N2 2482176 2523136 286720 204800 9 1 10 
T82 147 5 1 6 
T182 231 7 1 8 
T284 321 10 1 11 
Clock
81920 2506752 442368 442368 
40960 40960 3686400 2801664 
34 36 1 1
<1 1839 -1 1 0 
>0 2419 35 0 
R0 1368064 655360 327680 286720 0 1 1 2 
T111 327 4 1 1 
N0 1982464 696320 286720 204800 2 1 3 
T302 98 3 1 5 
T302 327 34 1 4 
T362 108 5 2 6 35 
T275 108 6 1 7 
T363 120 7 1 8 
T277 120 8 1 9 
T363 132 9 1 10 
T277 132 10 1 11 
T363 142 11 1 12 
T276 142 12 1 13 
T364 152 13 1 14 
T277 152 14 1 15 
T364 162 15 1 16 
T277 162 16 1 17 
T364 173 17 1 18 
T276 173 18 1 19 
T364 186 19 1 20 
T277 186 20 1 21 
T363 199 21 1 22 
T278 199 22 1 23 
T364 212 23 1 24 
T279 212 24 1 25 
T365 225 25 1 26 
T280 224 26 1 27 
T365 237 27 1 28 
T282 237 28 1 29 
T365 248 29 1 30 
T281 248 30 1 31 
T363 265 31 1 32 
T301 280 32 1 33 
T330 301 33 1 34 
2-Bit RAM
81920 2506752 442368 442368 
40960 40960 3686400 2801664 
4 10 3 1
<1 1948 -1 2 3 4 
<2 3521 -1 2 5 6 
<3 1384 -1 1 7 
>0 3976 2 0 
*Guarded 1-Bit Mem
2383872 753664 540672 507904 
40960 40960 3686400 2801664 
4 8 3 1
<2 3785 5 1 7 
<1 3077 3 1 4 
<3 1456 9 2 2 5 
>0 3952 0 1 0 
*1-Bit Mem
1179648 1146880 966656 450560 
40960 40960 3686400 2801664 
10 15 2 1
<2 3329 7 2 7 8 
<1 1493 3 1 11 
>0 3258 0 1 1 
R0 2842624 1015808 327680 286720 14 1 2 0 2 
A0 2187264 1277952 327680 286720 5 4 1 1 
T387 234 2 1 3 
T267 234 3 1 4 
A0 991232 737280 327680 286720 13 8 1 14 
A0 1007616 1220608 327680 286720 10 9 1 6 
N0 401408 1310720 286720 204800 7 1 9 
N0 1466368 1261568 286720 204800 6 1 5 
T90 160 12 1 10 
T90 101 11 2 12 13 
A0 2891776 1245184 327680 286720 1 2 1 0 
A3 1236992 663552 286720 327680 6 4 1 3 
T88 81 5 1 6 
*Guarded 1-Bit Mem
1425408 1286144 540672 507904 
40960 40960 3686400 2801664 
4 8 3 1
<2 3785 6 1 7 
<1 3077 4 1 4 
<3 1456 8 2 2 5 
>0 3952 0 1 1 
*1-Bit Mem
1179648 1146880 966656 450560 
40960 40960 3686400 2801664 
10 15 2 1
<2 3329 7 2 7 8 
<1 1493 3 1 11 
>0 3258 0 1 1 
R0 2842624 1015808 327680 286720 14 1 2 0 2 
A0 2187264 1277952 327680 286720 5 4 1 1 
T387 234 2 1 3 
T267 234 3 1 4 
A0 991232 737280 327680 286720 13 8 1 14 
A0 1007616 1220608 327680 286720 10 9 1 6 
N0 401408 1310720 286720 204800 7 1 9 
N0 1466368 1261568 286720 204800 6 1 5 
T90 160 12 1 10 
T90 101 11 2 12 13 
A0 2891776 1245184 327680 286720 1 2 1 0 
A3 1236992 663552 286720 327680 6 4 1 3 
T88 81 5 1 6 
R0 3211264 1253376 327680 286720 0 1 1 2 
*1-Bit Decode
909312 2146304 442368 442368 
40960 40960 3686400 2801664 
1 3 1 2
<2 3665 7 2 0 2 
>0 2467 2 1 8 
>0 4767 1 1 9 
N0 3063808 1556480 286720 204800 0 1 1 
