This is an xLogicCircuits data file.
DO NOT EDIT THIS FILE!
File format version 1.0
1 
=XOR
40960 40960 3268608 2433024 
40960 40960 3268608 2433024 
5 9 2 1
<2 2676 -1 2 1 8 
<2 6068 -1 2 0 7 
>0 4330 4 0 
A0 1286144 761856 327680 286720 1 6 1 2 
A0 1294336 1630208 327680 286720 5 0 1 3 
R0 2596864 1179648 327680 286720 2 3 1 4 
N0 860160 851968 286720 204800 7 1 6 
N0 860160 1613824 286720 204800 8 1 5 
3 
4 Bit Add
81920 688128 442368 442368 
40960 40960 3268608 2433024 
4 16 8 5
<1 1511 -1 1 9 
<1 2238 -1 1 10 
<1 2957 -1 1 11 
<1 6681 -1 1 14 
<1 5935 -1 1 13 
<1 5206 -1 1 12 
<1 739 -1 1 8 
<1 7355 -1 1 15 
>2 6779 0 0 
>3 3168 4 0 
>3 3950 7 0 
>3 4697 5 0 
>3 5443 6 0 
*Adder
1072387 1741231 392233 384162 
40960 40960 3686400 2801664 
3 8 3 2
<1 2367 9 1 3 
<1 5680 13 1 0 
<0 1749 2 1 1 
>3 3750 2 1 7 
>2 6683 5 1 1 
*Half Adder
2088960 991232 442368 442368 
40960 40960 3686400 2801664 
7 13 2 2
<1 2530 0 3 4 5 9 
<1 5480 1 3 6 7 10 
>2 4048 12 1 6 
>3 3950 8 1 4 
A3 1204224 1196032 286720 327680 2 6 1 0 
A3 2203648 1196032 286720 327680 5 3 1 1 
R3 1671168 1966080 286720 327680 0 1 1 8 
N3 1187840 819200 204800 286720 4 1 2 
N3 2293760 819200 204800 286720 7 1 3 
A3 442368 507904 286720 327680 9 10 1 11 
T72 174 11 1 12 
*Half Adder
1515520 2072576 442368 442368 
40960 40960 3686400 2801664 
7 13 2 2
<1 2530 3 3 4 5 9 
<1 5480 4 3 6 7 10 
>2 4048 12 1 7 
>3 3950 8 1 2 
A3 1204224 1196032 286720 327680 2 6 1 0 
A3 2203648 1196032 286720 327680 5 3 1 1 
R3 1671168 1966080 286720 327680 0 1 1 8 
N3 1187840 819200 204800 286720 4 1 2 
N3 2293760 819200 204800 286720 7 1 3 
A3 442368 507904 286720 327680 9 10 1 11 
T72 174 11 1 12 
R2 344064 2154496 327680 286720 6 7 1 5 
*Adder
1791481 1741231 392233 384162 
40960 40960 3686400 2801664 
3 8 3 2
<1 2367 10 1 3 
<1 5680 14 1 0 
<0 1749 3 1 1 
>3 3750 2 1 5 
>2 6683 5 1 2 
*Half Adder
2088960 991232 442368 442368 
40960 40960 3686400 2801664 
7 13 2 2
<1 2530 0 3 4 5 9 
<1 5480 1 3 6 7 10 
>2 4048 12 1 6 
>3 3950 8 1 4 
A3 1204224 1196032 286720 327680 2 6 1 0 
A3 2203648 1196032 286720 327680 5 3 1 1 
R3 1671168 1966080 286720 327680 0 1 1 8 
N3 1187840 819200 204800 286720 4 1 2 
N3 2293760 819200 204800 286720 7 1 3 
A3 442368 507904 286720 327680 9 10 1 11 
T72 174 11 1 12 
*Half Adder
1515520 2072576 442368 442368 
40960 40960 3686400 2801664 
7 13 2 2
<1 2530 3 3 4 5 9 
<1 5480 4 3 6 7 10 
>2 4048 12 1 7 
>3 3950 8 1 2 
A3 1204224 1196032 286720 327680 2 6 1 0 
A3 2203648 1196032 286720 327680 5 3 1 1 
R3 1671168 1966080 286720 327680 0 1 1 8 
N3 1187840 819200 204800 286720 4 1 2 
N3 2293760 819200 204800 286720 7 1 3 
A3 442368 507904 286720 327680 9 10 1 11 
T72 174 11 1 12 
R2 344064 2154496 327680 286720 6 7 1 5 
*Adder
2517839 1741231 392233 384162 
40960 40960 3686400 2801664 
3 8 3 2
<1 2367 11 1 3 
<1 5680 15 1 0 
<0 1749 -1 1 1 
>3 3750 2 1 6 
>2 6683 5 1 3 
*Half Adder
2088960 991232 442368 442368 
40960 40960 3686400 2801664 
7 13 2 2
<1 2530 0 3 4 5 9 
<1 5480 1 3 6 7 10 
>2 4048 12 1 6 
>3 3950 8 1 4 
A3 1204224 1196032 286720 327680 2 6 1 0 
A3 2203648 1196032 286720 327680 5 3 1 1 
R3 1671168 1966080 286720 327680 0 1 1 8 
N3 1187840 819200 204800 286720 4 1 2 
N3 2293760 819200 204800 286720 7 1 3 
A3 442368 507904 286720 327680 9 10 1 11 
T72 174 11 1 12 
*Half Adder
1515520 2072576 442368 442368 
40960 40960 3686400 2801664 
7 13 2 2
<1 2530 3 3 4 5 9 
<1 5480 4 3 6 7 10 
>2 4048 12 1 7 
>3 3950 8 1 2 
A3 1204224 1196032 286720 327680 2 6 1 0 
A3 2203648 1196032 286720 327680 5 3 1 1 
R3 1671168 1966080 286720 327680 0 1 1 8 
N3 1187840 819200 204800 286720 4 1 2 
N3 2293760 819200 204800 286720 7 1 3 
A3 442368 507904 286720 327680 9 10 1 11 
T72 174 11 1 12 
R2 344064 2154496 327680 286720 6 7 1 5 
*Adder
346030 1741231 392233 384162 
40960 40960 3686400 2801664 
3 8 3 2
<1 2367 8 1 3 
<1 5680 12 1 0 
<0 1749 1 1 1 
>3 3750 2 1 4 
>2 6683 5 1 0 
*Half Adder
2088960 991232 442368 442368 
40960 40960 3686400 2801664 
7 13 2 2
<1 2530 0 3 4 5 9 
<1 5480 1 3 6 7 10 
>2 4048 12 1 6 
>3 3950 8 1 4 
A3 1204224 1196032 286720 327680 2 6 1 0 
A3 2203648 1196032 286720 327680 5 3 1 1 
R3 1671168 1966080 286720 327680 0 1 1 8 
N3 1187840 819200 204800 286720 4 1 2 
N3 2293760 819200 204800 286720 7 1 3 
A3 442368 507904 286720 327680 9 10 1 11 
T72 174 11 1 12 
*Half Adder
1515520 2072576 442368 442368 
40960 40960 3686400 2801664 
7 13 2 2
<1 2530 3 3 4 5 9 
<1 5480 4 3 6 7 10 
>2 4048 12 1 7 
>3 3950 8 1 2 
A3 1204224 1196032 286720 327680 2 6 1 0 
A3 2203648 1196032 286720 327680 5 3 1 1 
R3 1671168 1966080 286720 327680 0 1 1 8 
N3 1187840 819200 204800 286720 4 1 2 
N3 2293760 819200 204800 286720 7 1 3 
A3 442368 507904 286720 327680 9 10 1 11 
T72 174 11 1 12 
R2 344064 2154496 327680 286720 6 7 1 5 
Clock
81920 1294336 442368 442368 
40960 40960 3268608 2433024 
6 8 1 1
<2 2345 -1 1 7 
>0 2538 6 0 
R0 729088 663552 327680 286720 7 1 1 0 
N0 1368064 704512 286720 204800 0 1 4 
T241 99 4 2 5 6 
T241 165 5 1 2 
T47 105 3 1 1 
T47 165 2 1 3 
One Bit Mem
81920 1900544 442368 442368 
40960 40960 3268608 2433024 
14 19 2 1
<2 1379 -1 1 15 
<2 4772 -1 1 8 
>0 3779 1 0 
N0 524288 1343488 286720 204800 9 1 7 
A0 983040 1253376 327680 286720 18 7 1 5 
A0 983040 958464 327680 286720 10 14 1 6 
N0 1671168 1294336 286720 204800 5 1 4 
A0 2105344 1310720 327680 286720 4 12 1 3 
R0 2613248 1015808 327680 286720 6 3 1 0 
T378 142 0 2 1 2 
T378 251 2 1 11 
T37 177 8 2 9 13 
T74 128 16 2 10 17 
T257 251 11 1 12 
T37 141 13 1 14 
T74 58 15 1 16 
T74 164 17 1 18 
