This is an xLogicCircuits data file.
DO NOT EDIT THIS FILE!
File format version 1.0
1 
=ALU
40960 40960 5652480 4014080 
40960 40960 5652480 4014080 
11 54 10 4
<1 1164 -1 4 14 22 38 46 
<1 1796 -1 4 15 23 39 47 
<1 2417 -1 4 16 24 40 48 
<1 3025 -1 4 17 25 41 49 
<1 4863 -1 4 18 26 42 50 
<1 5459 -1 4 19 27 43 51 
<1 6080 -1 4 20 28 44 52 
<1 6723 -1 4 21 29 45 53 
<2 3400 -1 1 4 
<2 4579 -1 1 5 
>3 2639 3 0 
>3 3622 2 0 
>3 4734 1 0 
>3 5787 0 0 
*4-way 4-bit MUX
1105920 2777088 3309568 540672 
40960 40960 5652480 4014080 
4 28 18 4
<2 2908 4 4 8 9 10 11 
<2 4809 5 4 4 5 6 7 
<1 135 6 1 15 
<1 626 7 1 16 
<1 1047 8 1 20 
<1 1480 9 1 24 
<1 7929 37 1 27 
<1 7496 36 1 23 
<1 7156 35 1 19 
<1 6676 34 1 12 
<1 2311 10 1 14 
<1 2709 11 1 17 
<1 3107 12 1 21 
<1 3634 13 1 25 
<1 4523 30 1 13 
<1 4863 31 1 18 
<1 5260 32 1 22 
<1 5658 33 1 26 
>3 3710 2 1 2 
>3 2902 3 1 3 
>3 4523 1 1 1 
>3 5342 0 1 0 
*4-way 1-bit MUX
1105920 2998272 573440 655360 
40960 40960 5652480 4014080 
13 25 6 1
<1 2159 15 1 11 
<1 3400 14 1 12 
<1 4605 13 1 13 
<1 5810 12 1 14 
<2 1122 11 3 16 17 23 
<2 2531 4 3 15 18 22 
>3 3997 0 1 3 
R3 2674688 3489792 286720 327680 1 2 1 0 
R3 2117632 3055616 286720 327680 7 8 1 1 
R3 3215360 3039232 286720 327680 9 10 1 2 
A3 937984 1851392 286720 327680 19 20 1 3 
A3 1290240 2392064 286720 327680 3 11 1 7 
A3 1855488 1818624 286720 327680 21 22 1 4 
A3 2174976 2392064 286720 327680 4 12 1 8 
A3 3289088 1884160 286720 327680 24 23 1 5 
A3 2985984 2392064 286720 327680 13 5 1 9 
A3 3952640 2400256 286720 327680 14 6 1 10 
A3 4345856 1777664 286720 327680 15 16 1 6 
N0 303104 278528 327680 245760 17 2 20 21 
N0 278528 999424 327680 245760 18 2 19 24 
*4-way 1-bit MUX
2072576 2424832 573440 655360 
40960 40960 5652480 4014080 
13 25 6 1
<1 2159 16 1 11 
<1 3400 17 1 12 
<1 4605 18 1 13 
<1 5810 19 1 14 
<2 1122 10 3 16 17 23 
<2 2531 5 3 15 18 22 
>3 3997 0 1 2 
R3 2674688 3489792 286720 327680 1 2 1 0 
R3 2117632 3055616 286720 327680 7 8 1 1 
R3 3215360 3039232 286720 327680 9 10 1 2 
A3 937984 1851392 286720 327680 19 20 1 3 
A3 1290240 2392064 286720 327680 3 11 1 7 
A3 1855488 1818624 286720 327680 21 22 1 4 
A3 2174976 2392064 286720 327680 4 12 1 8 
A3 3289088 1884160 286720 327680 24 23 1 5 
A3 2985984 2392064 286720 327680 13 5 1 9 
A3 3952640 2400256 286720 327680 14 6 1 10 
A3 4345856 1777664 286720 327680 15 16 1 6 
N0 303104 278528 327680 245760 17 2 20 21 
N0 278528 999424 327680 245760 18 2 19 24 
*4-way 1-bit MUX
3137536 1753088 573440 655360 
40960 40960 5652480 4014080 
13 25 6 1
<1 2159 20 1 11 
<1 3400 21 1 12 
<1 4605 22 1 13 
<1 5810 23 1 14 
<2 1122 9 3 16 17 23 
<2 2531 6 3 15 18 22 
>3 3997 0 1 1 
R3 2674688 3489792 286720 327680 1 2 1 0 
R3 2117632 3055616 286720 327680 7 8 1 1 
R3 3215360 3039232 286720 327680 9 10 1 2 
A3 937984 1851392 286720 327680 19 20 1 3 
A3 1290240 2392064 286720 327680 3 11 1 7 
A3 1855488 1818624 286720 327680 21 22 1 4 
A3 2174976 2392064 286720 327680 4 12 1 8 
A3 3289088 1884160 286720 327680 24 23 1 5 
A3 2985984 2392064 286720 327680 13 5 1 9 
A3 3952640 2400256 286720 327680 14 6 1 10 
A3 4345856 1777664 286720 327680 15 16 1 6 
N0 303104 278528 327680 245760 17 2 20 21 
N0 278528 999424 327680 245760 18 2 19 24 
*4-way 1-bit MUX
4169728 933888 573440 655360 
40960 40960 5652480 4014080 
13 25 6 1
<1 2159 24 1 11 
<1 3400 25 1 12 
<1 4605 26 1 13 
<1 5810 27 1 14 
<2 1122 8 3 16 17 23 
<2 2531 7 3 15 18 22 
>3 3997 0 1 0 
R3 2674688 3489792 286720 327680 1 2 1 0 
R3 2117632 3055616 286720 327680 7 8 1 1 
R3 3215360 3039232 286720 327680 9 10 1 2 
A3 937984 1851392 286720 327680 19 20 1 3 
A3 1290240 2392064 286720 327680 3 11 1 7 
A3 1855488 1818624 286720 327680 21 22 1 4 
A3 2174976 2392064 286720 327680 4 12 1 8 
A3 3289088 1884160 286720 327680 24 23 1 5 
A3 2985984 2392064 286720 327680 13 5 1 9 
A3 3952640 2400256 286720 327680 14 6 1 10 
A3 4345856 1777664 286720 327680 15 16 1 6 
N0 303104 278528 327680 245760 17 2 20 21 
N0 278528 999424 327680 245760 18 2 19 24 
*4-bit Add
524288 1449984 933888 557056 
40960 40960 5652480 4014080 
4 17 9 5
<0 3105 -1 1 8 
<1 1106 14 1 9 
<1 1808 15 1 10 
<1 2534 16 1 11 
<1 3271 17 1 12 
<1 4921 18 1 13 
<1 5647 19 1 14 
<1 6302 20 1 15 
<1 6957 21 1 16 
>3 2698 3 1 6 
>3 3564 4 1 7 
>3 4453 5 1 8 
>3 5272 6 1 9 
>2 5169 7 0 
*Adder
1015808 2121728 573440 655360 
40960 40960 5652480 4014080 
20 31 3 2
<1 2101 9 1 11 
<1 5740 13 1 0 
<0 2417 0 1 4 
>2 5906 24 1 7 
>3 3692 14 1 3 
A2 3547136 446464 327680 286720 1 5 1 27 
A2 2596864 610304 327680 286720 26 25 1 9 
R2 3547136 733184 327680 286720 3 8 1 25 
T492 65 0 2 1 2 
T493 103 2 2 3 16 
T508 158 4 2 6 15 
T506 76 7 1 5 
T507 114 6 2 7 8 
A3 1101824 1024000 286720 327680 12 17 1 28 
R3 1511424 1024000 286720 327680 13 10 1 29 
A3 1241088 1925120 286720 327680 30 29 1 14 
T212 93 9 3 10 17 18 
T150 64 11 3 12 13 20 
A3 3944448 1810432 286720 327680 16 15 1 23 
A3 225280 1966080 286720 327680 21 19 1 22 
T57 96 18 1 19 
T35 67 20 1 21 
R3 258048 2547712 286720 327680 22 23 1 24 
N2 3112960 475136 327680 245760 27 1 26 
N3 1130496 1449984 245760 327680 28 1 30 
*Adder
1966080 1892352 573440 655360 
40960 40960 5652480 4014080 
20 31 3 2
<1 2101 10 1 11 
<1 5740 14 1 0 
<0 2417 1 1 4 
>2 5906 24 1 0 
>3 3692 14 1 4 
A2 3547136 446464 327680 286720 1 5 1 27 
A2 2596864 610304 327680 286720 26 25 1 9 
R2 3547136 733184 327680 286720 3 8 1 25 
T492 65 0 2 1 2 
T493 103 2 2 3 16 
T508 158 4 2 6 15 
T506 76 7 1 5 
T507 114 6 2 7 8 
A3 1101824 1024000 286720 327680 12 17 1 28 
R3 1511424 1024000 286720 327680 13 10 1 29 
A3 1241088 1925120 286720 327680 30 29 1 14 
T212 93 9 3 10 17 18 
T150 64 11 3 12 13 20 
A3 3944448 1810432 286720 327680 16 15 1 23 
A3 225280 1966080 286720 327680 21 19 1 22 
T57 96 18 1 19 
T35 67 20 1 21 
R3 258048 2547712 286720 327680 22 23 1 24 
N2 3112960 475136 327680 245760 27 1 26 
N3 1130496 1449984 245760 327680 28 1 30 
*Adder
2842624 1646592 573440 655360 
40960 40960 5652480 4014080 
20 31 3 2
<1 2101 11 1 11 
<1 5740 15 1 0 
<0 2417 2 1 4 
>2 5906 24 1 1 
>3 3692 14 1 5 
A2 3547136 446464 327680 286720 1 5 1 27 
A2 2596864 610304 327680 286720 26 25 1 9 
R2 3547136 733184 327680 286720 3 8 1 25 
T492 65 0 2 1 2 
T493 103 2 2 3 16 
T508 158 4 2 6 15 
T506 76 7 1 5 
T507 114 6 2 7 8 
A3 1101824 1024000 286720 327680 12 17 1 28 
R3 1511424 1024000 286720 327680 13 10 1 29 
A3 1241088 1925120 286720 327680 30 29 1 14 
T212 93 9 3 10 17 18 
T150 64 11 3 12 13 20 
A3 3944448 1810432 286720 327680 16 15 1 23 
A3 225280 1966080 286720 327680 21 19 1 22 
T57 96 18 1 19 
T35 67 20 1 21 
R3 258048 2547712 286720 327680 22 23 1 24 
N2 3112960 475136 327680 245760 27 1 26 
N3 1130496 1449984 245760 327680 28 1 30 
*Adder
3678208 1400832 573440 655360 
40960 40960 5652480 4014080 
20 31 3 2
<1 2101 12 1 11 
<1 5740 16 1 0 
<0 2417 8 1 4 
>2 5906 24 1 2 
>3 3692 14 1 6 
A2 3547136 446464 327680 286720 1 5 1 27 
A2 2596864 610304 327680 286720 26 25 1 9 
R2 3547136 733184 327680 286720 3 8 1 25 
T492 65 0 2 1 2 
T493 103 2 2 3 16 
T508 158 4 2 6 15 
T506 76 7 1 5 
T507 114 6 2 7 8 
A3 1101824 1024000 286720 327680 12 17 1 28 
R3 1511424 1024000 286720 327680 13 10 1 29 
A3 1241088 1925120 286720 327680 30 29 1 14 
T212 93 9 3 10 17 18 
T150 64 11 3 12 13 20 
A3 3944448 1810432 286720 327680 16 15 1 23 
A3 225280 1966080 286720 327680 21 19 1 22 
T57 96 18 1 19 
T35 67 20 1 21 
R3 258048 2547712 286720 327680 22 23 1 24 
N2 3112960 475136 327680 245760 27 1 26 
N3 1130496 1449984 245760 327680 28 1 30 
*4-bit Minus
1703936 1458176 933888 581632 
40960 40960 5652480 4014080 
6 17 8 4
<1 895 22 1 5 
<1 1679 23 1 6 
<1 2499 24 1 7 
<1 3248 25 1 8 
<1 5061 26 1 12 
<1 5740 27 1 11 
<1 6396 28 1 10 
<1 7074 29 1 9 
>3 2276 1 1 10 
>3 3259 2 1 11 
>3 4172 3 1 12 
>3 5108 4 1 13 
*4-bit Add
1122304 1744896 2859008 679936 
40960 40960 5652480 4014080 
4 17 9 5
<0 3105 0 1 8 
<1 1106 5 1 9 
<1 1808 6 1 10 
<1 2534 7 1 11 
<1 3271 8 1 12 
<1 4921 13 1 13 
<1 5647 14 1 14 
<1 6302 15 1 15 
<1 6957 16 1 16 
>3 2698 3 1 1 
>3 3564 4 1 2 
>3 4453 5 1 3 
>3 5272 6 1 4 
>2 5169 7 0 
*Adder
1015808 2121728 573440 655360 
40960 40960 5652480 4014080 
20 31 3 2
<1 2101 9 1 11 
<1 5740 13 1 0 
<0 2417 0 1 4 
>2 5906 24 1 7 
>3 3692 14 1 3 
A2 3547136 446464 327680 286720 1 5 1 27 
A2 2596864 610304 327680 286720 26 25 1 9 
R2 3547136 733184 327680 286720 3 8 1 25 
T492 65 0 2 1 2 
T493 103 2 2 3 16 
T508 158 4 2 6 15 
T506 76 7 1 5 
T507 114 6 2 7 8 
A3 1101824 1024000 286720 327680 12 17 1 28 
R3 1511424 1024000 286720 327680 13 10 1 29 
A3 1241088 1925120 286720 327680 30 29 1 14 
T212 93 9 3 10 17 18 
T150 64 11 3 12 13 20 
A3 3944448 1810432 286720 327680 16 15 1 23 
A3 225280 1966080 286720 327680 21 19 1 22 
T57 96 18 1 19 
T35 67 20 1 21 
R3 258048 2547712 286720 327680 22 23 1 24 
N2 3112960 475136 327680 245760 27 1 26 
N3 1130496 1449984 245760 327680 28 1 30 
*Adder
1966080 1892352 573440 655360 
40960 40960 5652480 4014080 
20 31 3 2
<1 2101 10 1 11 
<1 5740 14 1 0 
<0 2417 1 1 4 
>2 5906 24 1 0 
>3 3692 14 1 4 
A2 3547136 446464 327680 286720 1 5 1 27 
A2 2596864 610304 327680 286720 26 25 1 9 
R2 3547136 733184 327680 286720 3 8 1 25 
T492 65 0 2 1 2 
T493 103 2 2 3 16 
T508 158 4 2 6 15 
T506 76 7 1 5 
T507 114 6 2 7 8 
A3 1101824 1024000 286720 327680 12 17 1 28 
R3 1511424 1024000 286720 327680 13 10 1 29 
A3 1241088 1925120 286720 327680 30 29 1 14 
T212 93 9 3 10 17 18 
T150 64 11 3 12 13 20 
A3 3944448 1810432 286720 327680 16 15 1 23 
A3 225280 1966080 286720 327680 21 19 1 22 
T57 96 18 1 19 
T35 67 20 1 21 
R3 258048 2547712 286720 327680 22 23 1 24 
N2 3112960 475136 327680 245760 27 1 26 
N3 1130496 1449984 245760 327680 28 1 30 
*Adder
2842624 1646592 573440 655360 
40960 40960 5652480 4014080 
20 31 3 2
<1 2101 11 1 11 
<1 5740 15 1 0 
<0 2417 2 1 4 
>2 5906 24 1 1 
>3 3692 14 1 5 
A2 3547136 446464 327680 286720 1 5 1 27 
A2 2596864 610304 327680 286720 26 25 1 9 
R2 3547136 733184 327680 286720 3 8 1 25 
T492 65 0 2 1 2 
T493 103 2 2 3 16 
T508 158 4 2 6 15 
T506 76 7 1 5 
T507 114 6 2 7 8 
A3 1101824 1024000 286720 327680 12 17 1 28 
R3 1511424 1024000 286720 327680 13 10 1 29 
A3 1241088 1925120 286720 327680 30 29 1 14 
T212 93 9 3 10 17 18 
T150 64 11 3 12 13 20 
A3 3944448 1810432 286720 327680 16 15 1 23 
A3 225280 1966080 286720 327680 21 19 1 22 
T57 96 18 1 19 
T35 67 20 1 21 
R3 258048 2547712 286720 327680 22 23 1 24 
N2 3112960 475136 327680 245760 27 1 26 
N3 1130496 1449984 245760 327680 28 1 30 
*Adder
3678208 1400832 573440 655360 
40960 40960 5652480 4014080 
20 31 3 2
<1 2101 12 1 11 
<1 5740 16 1 0 
<0 2417 8 1 4 
>2 5906 24 1 2 
>3 3692 14 1 6 
A2 3547136 446464 327680 286720 1 5 1 27 
A2 2596864 610304 327680 286720 26 25 1 9 
R2 3547136 733184 327680 286720 3 8 1 25 
T492 65 0 2 1 2 
T493 103 2 2 3 16 
T508 158 4 2 6 15 
T506 76 7 1 5 
T507 114 6 2 7 8 
A3 1101824 1024000 286720 327680 12 17 1 28 
R3 1511424 1024000 286720 327680 13 10 1 29 
A3 1241088 1925120 286720 327680 30 29 1 14 
T212 93 9 3 10 17 18 
T150 64 11 3 12 13 20 
A3 3944448 1810432 286720 327680 16 15 1 23 
A3 225280 1966080 286720 327680 21 19 1 22 
T57 96 18 1 19 
T35 67 20 1 21 
R3 258048 2547712 286720 327680 22 23 1 24 
N2 3112960 475136 327680 245760 27 1 26 
N3 1130496 1449984 245760 327680 28 1 30 
N2 4153344 1892352 327680 245760 -1 1 0 
N3 3416064 303104 245760 327680 12 1 13 
N3 3899392 352256 245760 327680 11 1 14 
N3 4358144 393216 245760 327680 10 1 15 
N3 4825088 450560 245760 327680 9 1 16 
A3 3076096 1466368 286720 327680 38 42 1 30 
A3 3330048 1474560 286720 327680 39 43 1 31 
A3 3592192 1482752 286720 327680 40 44 1 32 
A3 3854336 1490944 286720 327680 41 45 1 33 
R3 4395008 1490944 286720 327680 46 50 1 34 
R3 4665344 1490944 286720 327680 47 51 1 35 
R3 4960256 1482752 286720 327680 48 52 1 36 
R3 5246976 1482752 286720 327680 49 53 1 37 
0 