This is an xLogicCircuits data file.
DO NOT EDIT THIS FILE!
File format version 1.0
1 
=Three XORs
0 0 5734400 4096000 
0 0 5734400 4096000 
28 40 2 3
<2 2564 -1 1 5 
<2 4858 -1 1 10 
>0 1614 0 0 
>0 3973 14 0 
>0 6398 26 0 
A0 2162688 512000 327680 286720 6 3 1 2 
A0 2170880 946176 327680 286720 4 13 1 1 
R0 2678784 708608 327680 286720 2 1 1 0 
N0 1630208 638976 327680 245760 11 1 3 
N0 1638400 876544 327680 245760 9 1 4 
T54 163 5 2 7 23 
T52 76 8 1 6 
T54 127 7 2 8 9 
T92 299 10 3 18 20 34 
T90 95 12 1 11 
T91 142 21 2 12 13 
A0 3645440 1871872 327680 286720 15 17 1 14 
A0 2629632 2232320 327680 286720 19 18 1 16 
R0 2629632 1765376 327680 286720 25 22 1 15 
N0 3112960 2244608 327680 245760 16 1 17 
T54 283 24 2 19 38 
T90 240 20 2 21 22 
T54 227 23 2 24 25 
R0 4702208 3051520 327680 286720 28 29 1 27 
A0 4071424 2887680 327680 286720 36 39 1 28 
N0 5136384 3072000 327680 245760 27 1 26 
A0 4079616 3305472 327680 286720 31 30 1 29 
N0 3629056 3227648 327680 245760 33 1 31 
N0 3629056 3465216 327680 245760 32 1 30 
T56 441 37 1 32 
T93 408 35 1 33 
T93 362 34 2 35 36 
T56 375 38 2 37 39 
5 
Twp or More
163840 81920 573440 655360 
40960 40960 5652480 4014080 
5 11 3 1
<2 2122 -1 2 5 6 
<2 4137 -1 2 7 8 
<2 5956 -1 2 9 10 
>0 3744 1 0 
R0 3850240 1388544 327680 286720 2 3 1 0 
R0 4448256 1789952 327680 286720 0 4 1 1 
A0 2646016 937984 327680 286720 5 7 1 2 
A0 2686976 1576960 327680 286720 6 10 1 3 
A0 2670592 2289664 327680 286720 8 9 1 4 
Exactly Two
163840 81920 573440 655360 
40960 40960 5652480 4014080 
5 11 3 1
<2 2286 -1 2 5 8 
<2 3875 -1 2 6 9 
<2 5693 -1 2 7 10 
>0 4153 0 0 
*Twp or More
2301952 958464 573440 655360 
40960 40960 5652480 4014080 
5 11 3 1
<2 2122 5 2 5 6 
<2 4137 6 2 7 8 
<2 5956 7 2 9 10 
>0 3744 1 1 1 
R0 3850240 1388544 327680 286720 2 3 1 0 
R0 4448256 1789952 327680 286720 0 4 1 1 
A0 2646016 937984 327680 286720 5 7 1 2 
A0 2686976 1576960 327680 286720 6 10 1 3 
A0 2670592 2289664 327680 286720 8 9 1 4 
A0 4489216 1912832 327680 286720 1 2 1 0 
N0 3440640 2367488 327680 245760 3 1 2 
A0 2121728 2101248 327680 286720 8 9 1 4 
A0 2719744 2576384 327680 286720 4 10 1 3 
Adder
163840 81920 573440 655360 
40960 40960 5652480 4014080 
20 31 3 2
<1 2101 -1 1 11 
<1 5740 -1 1 0 
<0 2417 -1 1 4 
>2 5906 24 0 
>3 3692 14 0 
A2 3547136 446464 327680 286720 1 5 1 27 
A2 2596864 610304 327680 286720 26 25 1 9 
R2 3547136 733184 327680 286720 3 8 1 25 
T492 65 0 2 1 2 
T493 103 2 2 3 16 
T508 158 4 2 6 15 
T506 76 7 1 5 
T507 114 6 2 7 8 
A3 1101824 1024000 286720 327680 12 17 1 28 
R3 1511424 1024000 286720 327680 13 10 1 29 
A3 1241088 1925120 286720 327680 30 29 1 14 
T212 93 9 3 10 17 18 
T150 64 11 3 12 13 20 
A3 3944448 1810432 286720 327680 16 15 1 23 
A3 225280 1966080 286720 327680 21 19 1 22 
T57 96 18 1 19 
T35 67 20 1 21 
R3 258048 2547712 286720 327680 22 23 1 24 
N2 3112960 475136 327680 245760 27 1 26 
N3 1130496 1449984 245760 327680 28 1 30 
4-bit Add
163840 81920 573440 655360 
40960 40960 5652480 4014080 
4 17 9 5
<0 3105 -1 1 8 
<1 1106 -1 1 9 
<1 1808 -1 1 10 
<1 2534 -1 1 11 
<1 3271 -1 1 12 
<1 4921 -1 1 13 
<1 5647 -1 1 14 
<1 6302 -1 1 15 
<1 6957 -1 1 16 
>3 2698 3 0 
>3 3564 4 0 
>3 4453 5 0 
>3 5272 6 0 
>2 5169 7 0 
*Adder
1015808 2121728 573440 655360 
40960 40960 5652480 4014080 
20 31 3 2
<1 2101 9 1 11 
<1 5740 13 1 0 
<0 2417 0 1 4 
>2 5906 24 1 7 
>3 3692 14 1 3 
A2 3547136 446464 327680 286720 1 5 1 27 
A2 2596864 610304 327680 286720 26 25 1 9 
R2 3547136 733184 327680 286720 3 8 1 25 
T492 65 0 2 1 2 
T493 103 2 2 3 16 
T508 158 4 2 6 15 
T506 76 7 1 5 
T507 114 6 2 7 8 
A3 1101824 1024000 286720 327680 12 17 1 28 
R3 1511424 1024000 286720 327680 13 10 1 29 
A3 1241088 1925120 286720 327680 30 29 1 14 
T212 93 9 3 10 17 18 
T150 64 11 3 12 13 20 
A3 3944448 1810432 286720 327680 16 15 1 23 
A3 225280 1966080 286720 327680 21 19 1 22 
T57 96 18 1 19 
T35 67 20 1 21 
R3 258048 2547712 286720 327680 22 23 1 24 
N2 3112960 475136 327680 245760 27 1 26 
N3 1130496 1449984 245760 327680 28 1 30 
*Adder
1966080 1892352 573440 655360 
40960 40960 5652480 4014080 
20 31 3 2
<1 2101 10 1 11 
<1 5740 14 1 0 
<0 2417 1 1 4 
>2 5906 24 1 0 
>3 3692 14 1 4 
A2 3547136 446464 327680 286720 1 5 1 27 
A2 2596864 610304 327680 286720 26 25 1 9 
R2 3547136 733184 327680 286720 3 8 1 25 
T492 65 0 2 1 2 
T493 103 2 2 3 16 
T508 158 4 2 6 15 
T506 76 7 1 5 
T507 114 6 2 7 8 
A3 1101824 1024000 286720 327680 12 17 1 28 
R3 1511424 1024000 286720 327680 13 10 1 29 
A3 1241088 1925120 286720 327680 30 29 1 14 
T212 93 9 3 10 17 18 
T150 64 11 3 12 13 20 
A3 3944448 1810432 286720 327680 16 15 1 23 
A3 225280 1966080 286720 327680 21 19 1 22 
T57 96 18 1 19 
T35 67 20 1 21 
R3 258048 2547712 286720 327680 22 23 1 24 
N2 3112960 475136 327680 245760 27 1 26 
N3 1130496 1449984 245760 327680 28 1 30 
*Adder
2842624 1646592 573440 655360 
40960 40960 5652480 4014080 
20 31 3 2
<1 2101 11 1 11 
<1 5740 15 1 0 
<0 2417 2 1 4 
>2 5906 24 1 1 
>3 3692 14 1 5 
A2 3547136 446464 327680 286720 1 5 1 27 
A2 2596864 610304 327680 286720 26 25 1 9 
R2 3547136 733184 327680 286720 3 8 1 25 
T492 65 0 2 1 2 
T493 103 2 2 3 16 
T508 158 4 2 6 15 
T506 76 7 1 5 
T507 114 6 2 7 8 
A3 1101824 1024000 286720 327680 12 17 1 28 
R3 1511424 1024000 286720 327680 13 10 1 29 
A3 1241088 1925120 286720 327680 30 29 1 14 
T212 93 9 3 10 17 18 
T150 64 11 3 12 13 20 
A3 3944448 1810432 286720 327680 16 15 1 23 
A3 225280 1966080 286720 327680 21 19 1 22 
T57 96 18 1 19 
T35 67 20 1 21 
R3 258048 2547712 286720 327680 22 23 1 24 
N2 3112960 475136 327680 245760 27 1 26 
N3 1130496 1449984 245760 327680 28 1 30 
*Adder
3678208 1400832 573440 655360 
40960 40960 5652480 4014080 
20 31 3 2
<1 2101 12 1 11 
<1 5740 16 1 0 
<0 2417 8 1 4 
>2 5906 24 1 2 
>3 3692 14 1 6 
A2 3547136 446464 327680 286720 1 5 1 27 
A2 2596864 610304 327680 286720 26 25 1 9 
R2 3547136 733184 327680 286720 3 8 1 25 
T492 65 0 2 1 2 
T493 103 2 2 3 16 
T508 158 4 2 6 15 
T506 76 7 1 5 
T507 114 6 2 7 8 
A3 1101824 1024000 286720 327680 12 17 1 28 
R3 1511424 1024000 286720 327680 13 10 1 29 
A3 1241088 1925120 286720 327680 30 29 1 14 
T212 93 9 3 10 17 18 
T150 64 11 3 12 13 20 
A3 3944448 1810432 286720 327680 16 15 1 23 
A3 225280 1966080 286720 327680 21 19 1 22 
T57 96 18 1 19 
T35 67 20 1 21 
R3 258048 2547712 286720 327680 22 23 1 24 
N2 3112960 475136 327680 245760 27 1 26 
N3 1130496 1449984 245760 327680 28 1 30 
4-bit Minus
163840 81920 573440 655360 
40960 40960 5652480 4014080 
6 17 8 4
<1 895 -1 1 5 
<1 1679 -1 1 6 
<1 2499 -1 1 7 
<1 3248 -1 1 8 
<1 5061 -1 1 12 
<1 5740 -1 1 11 
<1 6396 -1 1 10 
<1 7074 -1 1 9 
>3 2276 1 0 
>3 3259 2 0 
>3 4172 3 0 
>3 5108 4 0 
*4-bit Add
1122304 1744896 2859008 679936 
40960 40960 5652480 4014080 
4 17 9 5
<0 3105 0 1 8 
<1 1106 5 1 9 
<1 1808 6 1 10 
<1 2534 7 1 11 
<1 3271 8 1 12 
<1 4921 13 1 13 
<1 5647 14 1 14 
<1 6302 15 1 15 
<1 6957 16 1 16 
>3 2698 3 1 1 
>3 3564 4 1 2 
>3 4453 5 1 3 
>3 5272 6 1 4 
>2 5169 7 0 
*Adder
1015808 2121728 573440 655360 
40960 40960 5652480 4014080 
20 31 3 2
<1 2101 9 1 11 
<1 5740 13 1 0 
<0 2417 0 1 4 
>2 5906 24 1 7 
>3 3692 14 1 3 
A2 3547136 446464 327680 286720 1 5 1 27 
A2 2596864 610304 327680 286720 26 25 1 9 
R2 3547136 733184 327680 286720 3 8 1 25 
T492 65 0 2 1 2 
T493 103 2 2 3 16 
T508 158 4 2 6 15 
T506 76 7 1 5 
T507 114 6 2 7 8 
A3 1101824 1024000 286720 327680 12 17 1 28 
R3 1511424 1024000 286720 327680 13 10 1 29 
A3 1241088 1925120 286720 327680 30 29 1 14 
T212 93 9 3 10 17 18 
T150 64 11 3 12 13 20 
A3 3944448 1810432 286720 327680 16 15 1 23 
A3 225280 1966080 286720 327680 21 19 1 22 
T57 96 18 1 19 
T35 67 20 1 21 
R3 258048 2547712 286720 327680 22 23 1 24 
N2 3112960 475136 327680 245760 27 1 26 
N3 1130496 1449984 245760 327680 28 1 30 
*Adder
1966080 1892352 573440 655360 
40960 40960 5652480 4014080 
20 31 3 2
<1 2101 10 1 11 
<1 5740 14 1 0 
<0 2417 1 1 4 
>2 5906 24 1 0 
>3 3692 14 1 4 
A2 3547136 446464 327680 286720 1 5 1 27 
A2 2596864 610304 327680 286720 26 25 1 9 
R2 3547136 733184 327680 286720 3 8 1 25 
T492 65 0 2 1 2 
T493 103 2 2 3 16 
T508 158 4 2 6 15 
T506 76 7 1 5 
T507 114 6 2 7 8 
A3 1101824 1024000 286720 327680 12 17 1 28 
R3 1511424 1024000 286720 327680 13 10 1 29 
A3 1241088 1925120 286720 327680 30 29 1 14 
T212 93 9 3 10 17 18 
T150 64 11 3 12 13 20 
A3 3944448 1810432 286720 327680 16 15 1 23 
A3 225280 1966080 286720 327680 21 19 1 22 
T57 96 18 1 19 
T35 67 20 1 21 
R3 258048 2547712 286720 327680 22 23 1 24 
N2 3112960 475136 327680 245760 27 1 26 
N3 1130496 1449984 245760 327680 28 1 30 
*Adder
2842624 1646592 573440 655360 
40960 40960 5652480 4014080 
20 31 3 2
<1 2101 11 1 11 
<1 5740 15 1 0 
<0 2417 2 1 4 
>2 5906 24 1 1 
>3 3692 14 1 5 
A2 3547136 446464 327680 286720 1 5 1 27 
A2 2596864 610304 327680 286720 26 25 1 9 
R2 3547136 733184 327680 286720 3 8 1 25 
T492 65 0 2 1 2 
T493 103 2 2 3 16 
T508 158 4 2 6 15 
T506 76 7 1 5 
T507 114 6 2 7 8 
A3 1101824 1024000 286720 327680 12 17 1 28 
R3 1511424 1024000 286720 327680 13 10 1 29 
A3 1241088 1925120 286720 327680 30 29 1 14 
T212 93 9 3 10 17 18 
T150 64 11 3 12 13 20 
A3 3944448 1810432 286720 327680 16 15 1 23 
A3 225280 1966080 286720 327680 21 19 1 22 
T57 96 18 1 19 
T35 67 20 1 21 
R3 258048 2547712 286720 327680 22 23 1 24 
N2 3112960 475136 327680 245760 27 1 26 
N3 1130496 1449984 245760 327680 28 1 30 
*Adder
3678208 1400832 573440 655360 
40960 40960 5652480 4014080 
20 31 3 2
<1 2101 12 1 11 
<1 5740 16 1 0 
<0 2417 8 1 4 
>2 5906 24 1 2 
>3 3692 14 1 6 
A2 3547136 446464 327680 286720 1 5 1 27 
A2 2596864 610304 327680 286720 26 25 1 9 
R2 3547136 733184 327680 286720 3 8 1 25 
T492 65 0 2 1 2 
T493 103 2 2 3 16 
T508 158 4 2 6 15 
T506 76 7 1 5 
T507 114 6 2 7 8 
A3 1101824 1024000 286720 327680 12 17 1 28 
R3 1511424 1024000 286720 327680 13 10 1 29 
A3 1241088 1925120 286720 327680 30 29 1 14 
T212 93 9 3 10 17 18 
T150 64 11 3 12 13 20 
A3 3944448 1810432 286720 327680 16 15 1 23 
A3 225280 1966080 286720 327680 21 19 1 22 
T57 96 18 1 19 
T35 67 20 1 21 
R3 258048 2547712 286720 327680 22 23 1 24 
N2 3112960 475136 327680 245760 27 1 26 
N3 1130496 1449984 245760 327680 28 1 30 
N2 4153344 1892352 327680 245760 -1 1 0 
N3 3416064 303104 245760 327680 12 1 13 
N3 3899392 352256 245760 327680 11 1 14 
N3 4358144 393216 245760 327680 10 1 15 
N3 4825088 450560 245760 327680 9 1 16 