This is an xLogicCircuits data file.
DO NOT EDIT THIS FILE!
File format version 1.0
1 
=RAM
0 0 5734400 4096000 
0 0 5734400 4096000 
21 66 7 4
<2 680 -1 4 23 27 31 35 
<2 1417 -1 4 22 26 30 34 
<2 2154 -1 4 21 25 29 33 
<2 2892 -1 4 20 24 28 32 
<2 6660 -1 3 37 56 63 
<2 5759 -1 2 40 60 
<3 1551 -1 4 43 48 54 59 
>0 2826 1 0 
>0 1622 0 0 
>0 4202 2 0 
>0 5546 3 0 
*4-way 4-bit MUX
4711587 291736 573440 3293518 
40960 40960 5652480 4014080 
4 28 18 4
<3 1820 42 4 4 5 6 7 
<3 4207 39 4 8 9 10 11 
<2 254 19 1 12 
<2 680 18 1 20 
<2 1122 17 1 24 
<2 1597 16 1 14 
<2 2318 15 1 18 
<2 2695 14 1 21 
<2 3105 13 1 25 
<2 3531 12 1 15 
<2 4334 11 1 19 
<2 4809 10 1 22 
<2 5267 9 1 26 
<2 5677 8 1 16 
<2 7348 5 1 27 
<2 7848 4 1 17 
<2 6889 6 1 23 
<2 6496 7 1 13 
>0 2785 2 1 1 
>0 1401 3 1 0 
>0 4399 1 1 2 
>0 5906 0 1 3 
*4-way 1-bit MUX
1794048 393216 573440 655360 
40960 40960 5652480 4014080 
13 25 6 1
<2 2007 12 1 11 
<2 3285 18 1 12 
<2 4596 19 1 13 
<2 6054 13 1 14 
<3 1071 4 3 16 17 23 
<3 1785 8 3 15 18 22 
>0 3727 2 1 3 
R0 4481024 1232896 327680 286720 3 4 1 0 
R0 4505600 2224128 327680 286720 5 6 1 1 
R0 5111808 1740800 327680 286720 0 1 1 2 
A0 2654208 798720 327680 286720 19 20 1 7 
A0 3153920 397312 327680 286720 11 7 1 3 
A0 2703360 1781760 327680 286720 21 22 1 8 
A0 3178496 1470464 327680 286720 12 8 1 4 
A0 3194880 2355200 327680 286720 13 9 1 5 
A0 2744320 2682880 327680 286720 23 24 1 9 
A0 3235840 3166208 327680 286720 14 10 1 6 
A0 2752512 3428352 327680 286720 16 15 1 10 
N1 368640 3284992 245760 327680 17 2 19 21 
N1 729088 3284992 245760 327680 18 2 20 24 
*4-way 1-bit MUX
2498560 1187840 573440 655360 
40960 40960 5652480 4014080 
13 25 6 1
<2 2007 20 1 11 
<2 3285 21 1 12 
<2 4596 22 1 13 
<2 6054 23 1 14 
<3 1071 7 3 16 17 23 
<3 1785 9 3 15 18 22 
>0 3727 2 1 2 
R0 4481024 1232896 327680 286720 3 4 1 0 
R0 4505600 2224128 327680 286720 5 6 1 1 
R0 5111808 1740800 327680 286720 0 1 1 2 
A0 2654208 798720 327680 286720 19 20 1 7 
A0 3153920 397312 327680 286720 11 7 1 3 
A0 2703360 1781760 327680 286720 21 22 1 8 
A0 3178496 1470464 327680 286720 12 8 1 4 
A0 3194880 2355200 327680 286720 13 9 1 5 
A0 2744320 2682880 327680 286720 23 24 1 9 
A0 3235840 3166208 327680 286720 14 10 1 6 
A0 2752512 3428352 327680 286720 16 15 1 10 
N1 368640 3284992 245760 327680 17 2 19 21 
N1 729088 3284992 245760 327680 18 2 20 24 
*4-way 1-bit MUX
3047424 2080768 573440 655360 
40960 40960 5652480 4014080 
13 25 6 1
<2 2007 24 1 11 
<2 3285 25 1 12 
<2 4596 26 1 13 
<2 6054 27 1 14 
<3 1071 6 3 16 17 23 
<3 1785 10 3 15 18 22 
>0 3727 2 1 1 
R0 4481024 1232896 327680 286720 3 4 1 0 
R0 4505600 2224128 327680 286720 5 6 1 1 
R0 5111808 1740800 327680 286720 0 1 1 2 
A0 2654208 798720 327680 286720 19 20 1 7 
A0 3153920 397312 327680 286720 11 7 1 3 
A0 2703360 1781760 327680 286720 21 22 1 8 
A0 3178496 1470464 327680 286720 12 8 1 4 
A0 3194880 2355200 327680 286720 13 9 1 5 
A0 2744320 2682880 327680 286720 23 24 1 9 
A0 3235840 3166208 327680 286720 14 10 1 6 
A0 2752512 3428352 327680 286720 16 15 1 10 
N1 368640 3284992 245760 327680 17 2 19 21 
N1 729088 3284992 245760 327680 18 2 20 24 
*4-way 1-bit MUX
3579904 2957312 573440 655360 
40960 40960 5652480 4014080 
13 25 6 1
<2 2007 14 1 11 
<2 3285 15 1 12 
<2 4596 16 1 13 
<2 6054 17 1 14 
<3 1071 5 3 16 17 23 
<3 1785 11 3 15 18 22 
>0 3727 2 1 0 
R0 4481024 1232896 327680 286720 3 4 1 0 
R0 4505600 2224128 327680 286720 5 6 1 1 
R0 5111808 1740800 327680 286720 0 1 1 2 
A0 2654208 798720 327680 286720 19 20 1 7 
A0 3153920 397312 327680 286720 11 7 1 3 
A0 2703360 1781760 327680 286720 21 22 1 8 
A0 3178496 1470464 327680 286720 12 8 1 4 
A0 3194880 2355200 327680 286720 13 9 1 5 
A0 2744320 2682880 327680 286720 23 24 1 9 
A0 3235840 3166208 327680 286720 14 10 1 6 
A0 2752512 3428352 327680 286720 16 15 1 10 
N1 368640 3284992 245760 327680 17 2 19 21 
N1 729088 3284992 245760 327680 18 2 20 24 
*4-bit Register
1686483 124552 581751 668735 
40960 40960 5652480 4014080 
8 16 5 4
<2 1778 35 1 4 
<2 3006 34 1 5 
<2 4301 33 1 6 
<2 5317 32 1 7 
<3 2616 57 1 8 
>0 2023 3 1 19 
>0 3187 2 1 18 
>0 4252 1 1 17 
>0 5235 0 1 16 
*Flip Flop
1638400 475136 573440 655360 
40960 40960 5652480 4014080 
4 7 2 1
<2 2449 4 1 2 
<3 2452 9 1 4 
>0 4383 0 1 3 
*D Latch
1662976 1024000 573440 655360 
40960 40960 5652480 4014080 
6 10 2 1
<3 1422 5 1 3 
<2 2826 2 2 7 9 
>0 3105 0 1 1 
*R-S Latch
2564096 1359872 573440 655360 
40960 40960 5652480 4014080 
7 10 2 1
<2 1925 2 1 8 
<2 4809 1 1 9 
>0 2744 7 1 0 
R0 2711552 1282048 327680 286720 8 0 1 1 
A0 1900544 1470464 327680 286720 6 5 1 0 
T424 174 1 2 2 7 
T426 254 2 1 3 
T205 255 3 1 4 
T204 205 4 1 5 
N0 1056768 1449984 327680 245760 9 1 6 
A0 1966080 1372160 327680 286720 7 6 1 2 
A0 1974272 1691648 327680 286720 8 4 1 1 
T132 233 3 2 4 5 
T132 193 5 1 6 
N0 417792 1687552 327680 245760 9 1 8 
*D Latch
3112960 1966080 573440 655360 
40960 40960 5652480 4014080 
6 10 2 1
<3 1422 3 1 3 
<2 2826 1 2 7 9 
>0 3105 0 1 0 
*R-S Latch
2564096 1359872 573440 655360 
40960 40960 5652480 4014080 
7 10 2 1
<2 1925 2 1 8 
<2 4809 1 1 9 
>0 2744 7 1 0 
R0 2711552 1282048 327680 286720 8 0 1 1 
A0 1900544 1470464 327680 286720 6 5 1 0 
T424 174 1 2 2 7 
T426 254 2 1 3 
T205 255 3 1 4 
T204 205 4 1 5 
N0 1056768 1449984 327680 245760 9 1 6 
A0 1966080 1372160 327680 286720 7 6 1 2 
A0 1974272 1691648 327680 286720 8 4 1 1 
T132 233 3 2 4 5 
T132 193 5 1 6 
N0 417792 1687552 327680 245760 9 1 8 
N0 2613248 2834432 327680 245760 6 1 3 
T217 362 4 2 5 6 
*Flip Flop
2318336 1327104 573440 655360 
40960 40960 5652480 4014080 
4 7 2 1
<2 2449 5 1 2 
<3 2452 11 1 4 
>0 4383 0 1 2 
*D Latch
1662976 1024000 573440 655360 
40960 40960 5652480 4014080 
6 10 2 1
<3 1422 5 1 3 
<2 2826 2 2 7 9 
>0 3105 0 1 1 
*R-S Latch
2564096 1359872 573440 655360 
40960 40960 5652480 4014080 
7 10 2 1
<2 1925 2 1 8 
<2 4809 1 1 9 
>0 2744 7 1 0 
R0 2711552 1282048 327680 286720 8 0 1 1 
A0 1900544 1470464 327680 286720 6 5 1 0 
T424 174 1 2 2 7 
T426 254 2 1 3 
T205 255 3 1 4 
T204 205 4 1 5 
N0 1056768 1449984 327680 245760 9 1 6 
A0 1966080 1372160 327680 286720 7 6 1 2 
A0 1974272 1691648 327680 286720 8 4 1 1 
T132 233 3 2 4 5 
T132 193 5 1 6 
N0 417792 1687552 327680 245760 9 1 8 
*D Latch
3112960 1966080 573440 655360 
40960 40960 5652480 4014080 
6 10 2 1
<3 1422 3 1 3 
<2 2826 1 2 7 9 
>0 3105 0 1 0 
*R-S Latch
2564096 1359872 573440 655360 
40960 40960 5652480 4014080 
7 10 2 1
<2 1925 2 1 8 
<2 4809 1 1 9 
>0 2744 7 1 0 
R0 2711552 1282048 327680 286720 8 0 1 1 
A0 1900544 1470464 327680 286720 6 5 1 0 
T424 174 1 2 2 7 
T426 254 2 1 3 
T205 255 3 1 4 
T204 205 4 1 5 
N0 1056768 1449984 327680 245760 9 1 6 
A0 1966080 1372160 327680 286720 7 6 1 2 
A0 1974272 1691648 327680 286720 8 4 1 1 
T132 233 3 2 4 5 
T132 193 5 1 6 
N0 417792 1687552 327680 245760 9 1 8 
N0 2613248 2834432 327680 245760 6 1 3 
T217 362 4 2 5 6 
*Flip Flop
2965504 2187264 573440 655360 
40960 40960 5652480 4014080 
4 7 2 1
<2 2449 6 1 2 
<3 2452 14 1 4 
>0 4383 0 1 1 
*D Latch
1662976 1024000 573440 655360 
40960 40960 5652480 4014080 
6 10 2 1
<3 1422 5 1 3 
<2 2826 2 2 7 9 
>0 3105 0 1 1 
*R-S Latch
2564096 1359872 573440 655360 
40960 40960 5652480 4014080 
7 10 2 1
<2 1925 2 1 8 
<2 4809 1 1 9 
>0 2744 7 1 0 
R0 2711552 1282048 327680 286720 8 0 1 1 
A0 1900544 1470464 327680 286720 6 5 1 0 
T424 174 1 2 2 7 
T426 254 2 1 3 
T205 255 3 1 4 
T204 205 4 1 5 
N0 1056768 1449984 327680 245760 9 1 6 
A0 1966080 1372160 327680 286720 7 6 1 2 
A0 1974272 1691648 327680 286720 8 4 1 1 
T132 233 3 2 4 5 
T132 193 5 1 6 
N0 417792 1687552 327680 245760 9 1 8 
*D Latch
3112960 1966080 573440 655360 
40960 40960 5652480 4014080 
6 10 2 1
<3 1422 3 1 3 
<2 2826 1 2 7 9 
>0 3105 0 1 0 
*R-S Latch
2564096 1359872 573440 655360 
40960 40960 5652480 4014080 
7 10 2 1
<2 1925 2 1 8 
<2 4809 1 1 9 
>0 2744 7 1 0 
R0 2711552 1282048 327680 286720 8 0 1 1 
A0 1900544 1470464 327680 286720 6 5 1 0 
T424 174 1 2 2 7 
T426 254 2 1 3 
T205 255 3 1 4 
T204 205 4 1 5 
N0 1056768 1449984 327680 245760 9 1 6 
A0 1966080 1372160 327680 286720 7 6 1 2 
A0 1974272 1691648 327680 286720 8 4 1 1 
T132 233 3 2 4 5 
T132 193 5 1 6 
N0 417792 1687552 327680 245760 9 1 8 
N0 2613248 2834432 327680 245760 6 1 3 
T217 362 4 2 5 6 
*Flip Flop
3653632 3039232 573440 655360 
40960 40960 5652480 4014080 
4 7 2 1
<2 2449 7 1 2 
<3 2452 15 1 4 
>0 4383 0 1 0 
*D Latch
1662976 1024000 573440 655360 
40960 40960 5652480 4014080 
6 10 2 1
<3 1422 5 1 3 
<2 2826 2 2 7 9 
>0 3105 0 1 1 
*R-S Latch
2564096 1359872 573440 655360 
40960 40960 5652480 4014080 
7 10 2 1
<2 1925 2 1 8 
<2 4809 1 1 9 
>0 2744 7 1 0 
R0 2711552 1282048 327680 286720 8 0 1 1 
A0 1900544 1470464 327680 286720 6 5 1 0 
T424 174 1 2 2 7 
T426 254 2 1 3 
T205 255 3 1 4 
T204 205 4 1 5 
N0 1056768 1449984 327680 245760 9 1 6 
A0 1966080 1372160 327680 286720 7 6 1 2 
A0 1974272 1691648 327680 286720 8 4 1 1 
T132 233 3 2 4 5 
T132 193 5 1 6 
N0 417792 1687552 327680 245760 9 1 8 
*D Latch
3112960 1966080 573440 655360 
40960 40960 5652480 4014080 
6 10 2 1
<3 1422 3 1 3 
<2 2826 1 2 7 9 
>0 3105 0 1 0 
*R-S Latch
2564096 1359872 573440 655360 
40960 40960 5652480 4014080 
7 10 2 1
<2 1925 2 1 8 
<2 4809 1 1 9 
>0 2744 7 1 0 
R0 2711552 1282048 327680 286720 8 0 1 1 
A0 1900544 1470464 327680 286720 6 5 1 0 
T424 174 1 2 2 7 
T426 254 2 1 3 
T205 255 3 1 4 
T204 205 4 1 5 
N0 1056768 1449984 327680 245760 9 1 6 
A0 1966080 1372160 327680 286720 7 6 1 2 
A0 1974272 1691648 327680 286720 8 4 1 1 
T132 233 3 2 4 5 
T132 193 5 1 6 
N0 417792 1687552 327680 245760 9 1 8 
N0 2613248 2834432 327680 245760 6 1 3 
T217 362 4 2 5 6 
T228 469 8 2 9 10 
T471 469 13 1 15 
T301 468 10 2 11 12 
T386 468 12 2 13 14 
*4-bit Register
2451070 935393 581751 668735 
40960 40960 5652480 4014080 
8 16 5 4
<2 1778 31 1 4 
<2 3006 30 1 5 
<2 4301 29 1 6 
<2 5317 28 1 7 
<3 2616 55 1 8 
>0 2023 3 1 15 
>0 3187 2 1 14 
>0 4252 1 1 13 
>0 5235 0 1 12 
*Flip Flop
1638400 475136 573440 655360 
40960 40960 5652480 4014080 
4 7 2 1
<2 2449 4 1 2 
<3 2452 9 1 4 
>0 4383 0 1 3 
*D Latch
1662976 1024000 573440 655360 
40960 40960 5652480 4014080 
6 10 2 1
<3 1422 5 1 3 
<2 2826 2 2 7 9 
>0 3105 0 1 1 
*R-S Latch
2564096 1359872 573440 655360 
40960 40960 5652480 4014080 
7 10 2 1
<2 1925 2 1 8 
<2 4809 1 1 9 
>0 2744 7 1 0 
R0 2711552 1282048 327680 286720 8 0 1 1 
A0 1900544 1470464 327680 286720 6 5 1 0 
T424 174 1 2 2 7 
T426 254 2 1 3 
T205 255 3 1 4 
T204 205 4 1 5 
N0 1056768 1449984 327680 245760 9 1 6 
A0 1966080 1372160 327680 286720 7 6 1 2 
A0 1974272 1691648 327680 286720 8 4 1 1 
T132 233 3 2 4 5 
T132 193 5 1 6 
N0 417792 1687552 327680 245760 9 1 8 
*D Latch
3112960 1966080 573440 655360 
40960 40960 5652480 4014080 
6 10 2 1
<3 1422 3 1 3 
<2 2826 1 2 7 9 
>0 3105 0 1 0 
*R-S Latch
2564096 1359872 573440 655360 
40960 40960 5652480 4014080 
7 10 2 1
<2 1925 2 1 8 
<2 4809 1 1 9 
>0 2744 7 1 0 
R0 2711552 1282048 327680 286720 8 0 1 1 
A0 1900544 1470464 327680 286720 6 5 1 0 
T424 174 1 2 2 7 
T426 254 2 1 3 
T205 255 3 1 4 
T204 205 4 1 5 
N0 1056768 1449984 327680 245760 9 1 6 
A0 1966080 1372160 327680 286720 7 6 1 2 
A0 1974272 1691648 327680 286720 8 4 1 1 
T132 233 3 2 4 5 
T132 193 5 1 6 
N0 417792 1687552 327680 245760 9 1 8 
N0 2613248 2834432 327680 245760 6 1 3 
T217 362 4 2 5 6 
*Flip Flop
2318336 1327104 573440 655360 
40960 40960 5652480 4014080 
4 7 2 1
<2 2449 5 1 2 
<3 2452 11 1 4 
>0 4383 0 1 2 
*D Latch
1662976 1024000 573440 655360 
40960 40960 5652480 4014080 
6 10 2 1
<3 1422 5 1 3 
<2 2826 2 2 7 9 
>0 3105 0 1 1 
*R-S Latch
2564096 1359872 573440 655360 
40960 40960 5652480 4014080 
7 10 2 1
<2 1925 2 1 8 
<2 4809 1 1 9 
>0 2744 7 1 0 
R0 2711552 1282048 327680 286720 8 0 1 1 
A0 1900544 1470464 327680 286720 6 5 1 0 
T424 174 1 2 2 7 
T426 254 2 1 3 
T205 255 3 1 4 
T204 205 4 1 5 
N0 1056768 1449984 327680 245760 9 1 6 
A0 1966080 1372160 327680 286720 7 6 1 2 
A0 1974272 1691648 327680 286720 8 4 1 1 
T132 233 3 2 4 5 
T132 193 5 1 6 
N0 417792 1687552 327680 245760 9 1 8 
*D Latch
3112960 1966080 573440 655360 
40960 40960 5652480 4014080 
6 10 2 1
<3 1422 3 1 3 
<2 2826 1 2 7 9 
>0 3105 0 1 0 
*R-S Latch
2564096 1359872 573440 655360 
40960 40960 5652480 4014080 
7 10 2 1
<2 1925 2 1 8 
<2 4809 1 1 9 
>0 2744 7 1 0 
R0 2711552 1282048 327680 286720 8 0 1 1 
A0 1900544 1470464 327680 286720 6 5 1 0 
T424 174 1 2 2 7 
T426 254 2 1 3 
T205 255 3 1 4 
T204 205 4 1 5 
N0 1056768 1449984 327680 245760 9 1 6 
A0 1966080 1372160 327680 286720 7 6 1 2 
A0 1974272 1691648 327680 286720 8 4 1 1 
T132 233 3 2 4 5 
T132 193 5 1 6 
N0 417792 1687552 327680 245760 9 1 8 
N0 2613248 2834432 327680 245760 6 1 3 
T217 362 4 2 5 6 
*Flip Flop
2965504 2187264 573440 655360 
40960 40960 5652480 4014080 
4 7 2 1
<2 2449 6 1 2 
<3 2452 14 1 4 
>0 4383 0 1 1 
*D Latch
1662976 1024000 573440 655360 
40960 40960 5652480 4014080 
6 10 2 1
<3 1422 5 1 3 
<2 2826 2 2 7 9 
>0 3105 0 1 1 
*R-S Latch
2564096 1359872 573440 655360 
40960 40960 5652480 4014080 
7 10 2 1
<2 1925 2 1 8 
<2 4809 1 1 9 
>0 2744 7 1 0 
R0 2711552 1282048 327680 286720 8 0 1 1 
A0 1900544 1470464 327680 286720 6 5 1 0 
T424 174 1 2 2 7 
T426 254 2 1 3 
T205 255 3 1 4 
T204 205 4 1 5 
N0 1056768 1449984 327680 245760 9 1 6 
A0 1966080 1372160 327680 286720 7 6 1 2 
A0 1974272 1691648 327680 286720 8 4 1 1 
T132 233 3 2 4 5 
T132 193 5 1 6 
N0 417792 1687552 327680 245760 9 1 8 
*D Latch
3112960 1966080 573440 655360 
40960 40960 5652480 4014080 
6 10 2 1
<3 1422 3 1 3 
<2 2826 1 2 7 9 
>0 3105 0 1 0 
*R-S Latch
2564096 1359872 573440 655360 
40960 40960 5652480 4014080 
7 10 2 1
<2 1925 2 1 8 
<2 4809 1 1 9 
>0 2744 7 1 0 
R0 2711552 1282048 327680 286720 8 0 1 1 
A0 1900544 1470464 327680 286720 6 5 1 0 
T424 174 1 2 2 7 
T426 254 2 1 3 
T205 255 3 1 4 
T204 205 4 1 5 
N0 1056768 1449984 327680 245760 9 1 6 
A0 1966080 1372160 327680 286720 7 6 1 2 
A0 1974272 1691648 327680 286720 8 4 1 1 
T132 233 3 2 4 5 
T132 193 5 1 6 
N0 417792 1687552 327680 245760 9 1 8 
N0 2613248 2834432 327680 245760 6 1 3 
T217 362 4 2 5 6 
*Flip Flop
3653632 3039232 573440 655360 
40960 40960 5652480 4014080 
4 7 2 1
<2 2449 7 1 2 
<3 2452 15 1 4 
>0 4383 0 1 0 
*D Latch
1662976 1024000 573440 655360 
40960 40960 5652480 4014080 
6 10 2 1
<3 1422 5 1 3 
<2 2826 2 2 7 9 
>0 3105 0 1 1 
*R-S Latch
2564096 1359872 573440 655360 
40960 40960 5652480 4014080 
7 10 2 1
<2 1925 2 1 8 
<2 4809 1 1 9 
>0 2744 7 1 0 
R0 2711552 1282048 327680 286720 8 0 1 1 
A0 1900544 1470464 327680 286720 6 5 1 0 
T424 174 1 2 2 7 
T426 254 2 1 3 
T205 255 3 1 4 
T204 205 4 1 5 
N0 1056768 1449984 327680 245760 9 1 6 
A0 1966080 1372160 327680 286720 7 6 1 2 
A0 1974272 1691648 327680 286720 8 4 1 1 
T132 233 3 2 4 5 
T132 193 5 1 6 
N0 417792 1687552 327680 245760 9 1 8 
*D Latch
3112960 1966080 573440 655360 
40960 40960 5652480 4014080 
6 10 2 1
<3 1422 3 1 3 
<2 2826 1 2 7 9 
>0 3105 0 1 0 
*R-S Latch
2564096 1359872 573440 655360 
40960 40960 5652480 4014080 
7 10 2 1
<2 1925 2 1 8 
<2 4809 1 1 9 
>0 2744 7 1 0 
R0 2711552 1282048 327680 286720 8 0 1 1 
A0 1900544 1470464 327680 286720 6 5 1 0 
T424 174 1 2 2 7 
T426 254 2 1 3 
T205 255 3 1 4 
T204 205 4 1 5 
N0 1056768 1449984 327680 245760 9 1 6 
A0 1966080 1372160 327680 286720 7 6 1 2 
A0 1974272 1691648 327680 286720 8 4 1 1 
T132 233 3 2 4 5 
T132 193 5 1 6 
N0 417792 1687552 327680 245760 9 1 8 
N0 2613248 2834432 327680 245760 6 1 3 
T217 362 4 2 5 6 
T228 469 8 2 9 10 
T471 469 13 1 15 
T301 468 10 2 11 12 
T386 468 12 2 13 14 
*4-bit Register
3066064 1813107 581751 668735 
40960 40960 5652480 4014080 
8 16 5 4
<2 1778 27 1 4 
<2 3006 26 1 5 
<2 4301 25 1 6 
<2 5317 24 1 7 
<3 2616 36 1 8 
>0 2023 3 1 11 
>0 3187 2 1 10 
>0 4252 1 1 9 
>0 5235 0 1 8 
*Flip Flop
1638400 475136 573440 655360 
40960 40960 5652480 4014080 
4 7 2 1
<2 2449 4 1 2 
<3 2452 9 1 4 
>0 4383 0 1 3 
*D Latch
1662976 1024000 573440 655360 
40960 40960 5652480 4014080 
6 10 2 1
<3 1422 5 1 3 
<2 2826 2 2 7 9 
>0 3105 0 1 1 
*R-S Latch
2564096 1359872 573440 655360 
40960 40960 5652480 4014080 
7 10 2 1
<2 1925 2 1 8 
<2 4809 1 1 9 
>0 2744 7 1 0 
R0 2711552 1282048 327680 286720 8 0 1 1 
A0 1900544 1470464 327680 286720 6 5 1 0 
T424 174 1 2 2 7 
T426 254 2 1 3 
T205 255 3 1 4 
T204 205 4 1 5 
N0 1056768 1449984 327680 245760 9 1 6 
A0 1966080 1372160 327680 286720 7 6 1 2 
A0 1974272 1691648 327680 286720 8 4 1 1 
T132 233 3 2 4 5 
T132 193 5 1 6 
N0 417792 1687552 327680 245760 9 1 8 
*D Latch
3112960 1966080 573440 655360 
40960 40960 5652480 4014080 
6 10 2 1
<3 1422 3 1 3 
<2 2826 1 2 7 9 
>0 3105 0 1 0 
*R-S Latch
2564096 1359872 573440 655360 
40960 40960 5652480 4014080 
7 10 2 1
<2 1925 2 1 8 
<2 4809 1 1 9 
>0 2744 7 1 0 
R0 2711552 1282048 327680 286720 8 0 1 1 
A0 1900544 1470464 327680 286720 6 5 1 0 
T424 174 1 2 2 7 
T426 254 2 1 3 
T205 255 3 1 4 
T204 205 4 1 5 
N0 1056768 1449984 327680 245760 9 1 6 
A0 1966080 1372160 327680 286720 7 6 1 2 
A0 1974272 1691648 327680 286720 8 4 1 1 
T132 233 3 2 4 5 
T132 193 5 1 6 
N0 417792 1687552 327680 245760 9 1 8 
N0 2613248 2834432 327680 245760 6 1 3 
T217 362 4 2 5 6 
*Flip Flop
2318336 1327104 573440 655360 
40960 40960 5652480 4014080 
4 7 2 1
<2 2449 5 1 2 
<3 2452 11 1 4 
>0 4383 0 1 2 
*D Latch
1662976 1024000 573440 655360 
40960 40960 5652480 4014080 
6 10 2 1
<3 1422 5 1 3 
<2 2826 2 2 7 9 
>0 3105 0 1 1 
*R-S Latch
2564096 1359872 573440 655360 
40960 40960 5652480 4014080 
7 10 2 1
<2 1925 2 1 8 
<2 4809 1 1 9 
>0 2744 7 1 0 
R0 2711552 1282048 327680 286720 8 0 1 1 
A0 1900544 1470464 327680 286720 6 5 1 0 
T424 174 1 2 2 7 
T426 254 2 1 3 
T205 255 3 1 4 
T204 205 4 1 5 
N0 1056768 1449984 327680 245760 9 1 6 
A0 1966080 1372160 327680 286720 7 6 1 2 
A0 1974272 1691648 327680 286720 8 4 1 1 
T132 233 3 2 4 5 
T132 193 5 1 6 
N0 417792 1687552 327680 245760 9 1 8 
*D Latch
3112960 1966080 573440 655360 
40960 40960 5652480 4014080 
6 10 2 1
<3 1422 3 1 3 
<2 2826 1 2 7 9 
>0 3105 0 1 0 
*R-S Latch
2564096 1359872 573440 655360 
40960 40960 5652480 4014080 
7 10 2 1
<2 1925 2 1 8 
<2 4809 1 1 9 
>0 2744 7 1 0 
R0 2711552 1282048 327680 286720 8 0 1 1 
A0 1900544 1470464 327680 286720 6 5 1 0 
T424 174 1 2 2 7 
T426 254 2 1 3 
T205 255 3 1 4 
T204 205 4 1 5 
N0 1056768 1449984 327680 245760 9 1 6 
A0 1966080 1372160 327680 286720 7 6 1 2 
A0 1974272 1691648 327680 286720 8 4 1 1 
T132 233 3 2 4 5 
T132 193 5 1 6 
N0 417792 1687552 327680 245760 9 1 8 
N0 2613248 2834432 327680 245760 6 1 3 
T217 362 4 2 5 6 
*Flip Flop
2965504 2187264 573440 655360 
40960 40960 5652480 4014080 
4 7 2 1
<2 2449 6 1 2 
<3 2452 14 1 4 
>0 4383 0 1 1 
*D Latch
1662976 1024000 573440 655360 
40960 40960 5652480 4014080 
6 10 2 1
<3 1422 5 1 3 
<2 2826 2 2 7 9 
>0 3105 0 1 1 
*R-S Latch
2564096 1359872 573440 655360 
40960 40960 5652480 4014080 
7 10 2 1
<2 1925 2 1 8 
<2 4809 1 1 9 
>0 2744 7 1 0 
R0 2711552 1282048 327680 286720 8 0 1 1 
A0 1900544 1470464 327680 286720 6 5 1 0 
T424 174 1 2 2 7 
T426 254 2 1 3 
T205 255 3 1 4 
T204 205 4 1 5 
N0 1056768 1449984 327680 245760 9 1 6 
A0 1966080 1372160 327680 286720 7 6 1 2 
A0 1974272 1691648 327680 286720 8 4 1 1 
T132 233 3 2 4 5 
T132 193 5 1 6 
N0 417792 1687552 327680 245760 9 1 8 
*D Latch
3112960 1966080 573440 655360 
40960 40960 5652480 4014080 
6 10 2 1
<3 1422 3 1 3 
<2 2826 1 2 7 9 
>0 3105 0 1 0 
*R-S Latch
2564096 1359872 573440 655360 
40960 40960 5652480 4014080 
7 10 2 1
<2 1925 2 1 8 
<2 4809 1 1 9 
>0 2744 7 1 0 
R0 2711552 1282048 327680 286720 8 0 1 1 
A0 1900544 1470464 327680 286720 6 5 1 0 
T424 174 1 2 2 7 
T426 254 2 1 3 
T205 255 3 1 4 
T204 205 4 1 5 
N0 1056768 1449984 327680 245760 9 1 6 
A0 1966080 1372160 327680 286720 7 6 1 2 
A0 1974272 1691648 327680 286720 8 4 1 1 
T132 233 3 2 4 5 
T132 193 5 1 6 
N0 417792 1687552 327680 245760 9 1 8 
N0 2613248 2834432 327680 245760 6 1 3 
T217 362 4 2 5 6 
*Flip Flop
3653632 3039232 573440 655360 
40960 40960 5652480 4014080 
4 7 2 1
<2 2449 7 1 2 
<3 2452 15 1 4 
>0 4383 0 1 0 
*D Latch
1662976 1024000 573440 655360 
40960 40960 5652480 4014080 
6 10 2 1
<3 1422 5 1 3 
<2 2826 2 2 7 9 
>0 3105 0 1 1 
*R-S Latch
2564096 1359872 573440 655360 
40960 40960 5652480 4014080 
7 10 2 1
<2 1925 2 1 8 
<2 4809 1 1 9 
>0 2744 7 1 0 
R0 2711552 1282048 327680 286720 8 0 1 1 
A0 1900544 1470464 327680 286720 6 5 1 0 
T424 174 1 2 2 7 
T426 254 2 1 3 
T205 255 3 1 4 
T204 205 4 1 5 
N0 1056768 1449984 327680 245760 9 1 6 
A0 1966080 1372160 327680 286720 7 6 1 2 
A0 1974272 1691648 327680 286720 8 4 1 1 
T132 233 3 2 4 5 
T132 193 5 1 6 
N0 417792 1687552 327680 245760 9 1 8 
*D Latch
3112960 1966080 573440 655360 
40960 40960 5652480 4014080 
6 10 2 1
<3 1422 3 1 3 
<2 2826 1 2 7 9 
>0 3105 0 1 0 
*R-S Latch
2564096 1359872 573440 655360 
40960 40960 5652480 4014080 
7 10 2 1
<2 1925 2 1 8 
<2 4809 1 1 9 
>0 2744 7 1 0 
R0 2711552 1282048 327680 286720 8 0 1 1 
A0 1900544 1470464 327680 286720 6 5 1 0 
T424 174 1 2 2 7 
T426 254 2 1 3 
T205 255 3 1 4 
T204 205 4 1 5 
N0 1056768 1449984 327680 245760 9 1 6 
A0 1966080 1372160 327680 286720 7 6 1 2 
A0 1974272 1691648 327680 286720 8 4 1 1 
T132 233 3 2 4 5 
T132 193 5 1 6 
N0 417792 1687552 327680 245760 9 1 8 
N0 2613248 2834432 327680 245760 6 1 3 
T217 362 4 2 5 6 
T228 469 8 2 9 10 
T471 469 13 1 15 
T301 468 10 2 11 12 
T386 468 12 2 13 14 
*4-bit Register
3589639 2757695 581751 668735 
40960 40960 5652480 4014080 
8 16 5 4
<2 1778 23 1 4 
<2 3006 22 1 5 
<2 4301 21 1 6 
<2 5317 20 1 7 
<3 2616 47 1 8 
>0 2023 3 1 7 
>0 3187 2 1 6 
>0 4252 1 1 5 
>0 5235 0 1 4 
*Flip Flop
1638400 475136 573440 655360 
40960 40960 5652480 4014080 
4 7 2 1
<2 2449 4 1 2 
<3 2452 9 1 4 
>0 4383 0 1 3 
*D Latch
1662976 1024000 573440 655360 
40960 40960 5652480 4014080 
6 10 2 1
<3 1422 5 1 3 
<2 2826 2 2 7 9 
>0 3105 0 1 1 
*R-S Latch
2564096 1359872 573440 655360 
40960 40960 5652480 4014080 
7 10 2 1
<2 1925 2 1 8 
<2 4809 1 1 9 
>0 2744 7 1 0 
R0 2711552 1282048 327680 286720 8 0 1 1 
A0 1900544 1470464 327680 286720 6 5 1 0 
T424 174 1 2 2 7 
T426 254 2 1 3 
T205 255 3 1 4 
T204 205 4 1 5 
N0 1056768 1449984 327680 245760 9 1 6 
A0 1966080 1372160 327680 286720 7 6 1 2 
A0 1974272 1691648 327680 286720 8 4 1 1 
T132 233 3 2 4 5 
T132 193 5 1 6 
N0 417792 1687552 327680 245760 9 1 8 
*D Latch
3112960 1966080 573440 655360 
40960 40960 5652480 4014080 
6 10 2 1
<3 1422 3 1 3 
<2 2826 1 2 7 9 
>0 3105 0 1 0 
*R-S Latch
2564096 1359872 573440 655360 
40960 40960 5652480 4014080 
7 10 2 1
<2 1925 2 1 8 
<2 4809 1 1 9 
>0 2744 7 1 0 
R0 2711552 1282048 327680 286720 8 0 1 1 
A0 1900544 1470464 327680 286720 6 5 1 0 
T424 174 1 2 2 7 
T426 254 2 1 3 
T205 255 3 1 4 
T204 205 4 1 5 
N0 1056768 1449984 327680 245760 9 1 6 
A0 1966080 1372160 327680 286720 7 6 1 2 
A0 1974272 1691648 327680 286720 8 4 1 1 
T132 233 3 2 4 5 
T132 193 5 1 6 
N0 417792 1687552 327680 245760 9 1 8 
N0 2613248 2834432 327680 245760 6 1 3 
T217 362 4 2 5 6 
*Flip Flop
2318336 1327104 573440 655360 
40960 40960 5652480 4014080 
4 7 2 1
<2 2449 5 1 2 
<3 2452 11 1 4 
>0 4383 0 1 2 
*D Latch
1662976 1024000 573440 655360 
40960 40960 5652480 4014080 
6 10 2 1
<3 1422 5 1 3 
<2 2826 2 2 7 9 
>0 3105 0 1 1 
*R-S Latch
2564096 1359872 573440 655360 
40960 40960 5652480 4014080 
7 10 2 1
<2 1925 2 1 8 
<2 4809 1 1 9 
>0 2744 7 1 0 
R0 2711552 1282048 327680 286720 8 0 1 1 
A0 1900544 1470464 327680 286720 6 5 1 0 
T424 174 1 2 2 7 
T426 254 2 1 3 
T205 255 3 1 4 
T204 205 4 1 5 
N0 1056768 1449984 327680 245760 9 1 6 
A0 1966080 1372160 327680 286720 7 6 1 2 
A0 1974272 1691648 327680 286720 8 4 1 1 
T132 233 3 2 4 5 
T132 193 5 1 6 
N0 417792 1687552 327680 245760 9 1 8 
*D Latch
3112960 1966080 573440 655360 
40960 40960 5652480 4014080 
6 10 2 1
<3 1422 3 1 3 
<2 2826 1 2 7 9 
>0 3105 0 1 0 
*R-S Latch
2564096 1359872 573440 655360 
40960 40960 5652480 4014080 
7 10 2 1
<2 1925 2 1 8 
<2 4809 1 1 9 
>0 2744 7 1 0 
R0 2711552 1282048 327680 286720 8 0 1 1 
A0 1900544 1470464 327680 286720 6 5 1 0 
T424 174 1 2 2 7 
T426 254 2 1 3 
T205 255 3 1 4 
T204 205 4 1 5 
N0 1056768 1449984 327680 245760 9 1 6 
A0 1966080 1372160 327680 286720 7 6 1 2 
A0 1974272 1691648 327680 286720 8 4 1 1 
T132 233 3 2 4 5 
T132 193 5 1 6 
N0 417792 1687552 327680 245760 9 1 8 
N0 2613248 2834432 327680 245760 6 1 3 
T217 362 4 2 5 6 
*Flip Flop
2965504 2187264 573440 655360 
40960 40960 5652480 4014080 
4 7 2 1
<2 2449 6 1 2 
<3 2452 14 1 4 
>0 4383 0 1 1 
*D Latch
1662976 1024000 573440 655360 
40960 40960 5652480 4014080 
6 10 2 1
<3 1422 5 1 3 
<2 2826 2 2 7 9 
>0 3105 0 1 1 
*R-S Latch
2564096 1359872 573440 655360 
40960 40960 5652480 4014080 
7 10 2 1
<2 1925 2 1 8 
<2 4809 1 1 9 
>0 2744 7 1 0 
R0 2711552 1282048 327680 286720 8 0 1 1 
A0 1900544 1470464 327680 286720 6 5 1 0 
T424 174 1 2 2 7 
T426 254 2 1 3 
T205 255 3 1 4 
T204 205 4 1 5 
N0 1056768 1449984 327680 245760 9 1 6 
A0 1966080 1372160 327680 286720 7 6 1 2 
A0 1974272 1691648 327680 286720 8 4 1 1 
T132 233 3 2 4 5 
T132 193 5 1 6 
N0 417792 1687552 327680 245760 9 1 8 
*D Latch
3112960 1966080 573440 655360 
40960 40960 5652480 4014080 
6 10 2 1
<3 1422 3 1 3 
<2 2826 1 2 7 9 
>0 3105 0 1 0 
*R-S Latch
2564096 1359872 573440 655360 
40960 40960 5652480 4014080 
7 10 2 1
<2 1925 2 1 8 
<2 4809 1 1 9 
>0 2744 7 1 0 
R0 2711552 1282048 327680 286720 8 0 1 1 
A0 1900544 1470464 327680 286720 6 5 1 0 
T424 174 1 2 2 7 
T426 254 2 1 3 
T205 255 3 1 4 
T204 205 4 1 5 
N0 1056768 1449984 327680 245760 9 1 6 
A0 1966080 1372160 327680 286720 7 6 1 2 
A0 1974272 1691648 327680 286720 8 4 1 1 
T132 233 3 2 4 5 
T132 193 5 1 6 
N0 417792 1687552 327680 245760 9 1 8 
N0 2613248 2834432 327680 245760 6 1 3 
T217 362 4 2 5 6 
*Flip Flop
3653632 3039232 573440 655360 
40960 40960 5652480 4014080 
4 7 2 1
<2 2449 7 1 2 
<3 2452 15 1 4 
>0 4383 0 1 0 
*D Latch
1662976 1024000 573440 655360 
40960 40960 5652480 4014080 
6 10 2 1
<3 1422 5 1 3 
<2 2826 2 2 7 9 
>0 3105 0 1 1 
*R-S Latch
2564096 1359872 573440 655360 
40960 40960 5652480 4014080 
7 10 2 1
<2 1925 2 1 8 
<2 4809 1 1 9 
>0 2744 7 1 0 
R0 2711552 1282048 327680 286720 8 0 1 1 
A0 1900544 1470464 327680 286720 6 5 1 0 
T424 174 1 2 2 7 
T426 254 2 1 3 
T205 255 3 1 4 
T204 205 4 1 5 
N0 1056768 1449984 327680 245760 9 1 6 
A0 1966080 1372160 327680 286720 7 6 1 2 
A0 1974272 1691648 327680 286720 8 4 1 1 
T132 233 3 2 4 5 
T132 193 5 1 6 
N0 417792 1687552 327680 245760 9 1 8 
*D Latch
3112960 1966080 573440 655360 
40960 40960 5652480 4014080 
6 10 2 1
<3 1422 3 1 3 
<2 2826 1 2 7 9 
>0 3105 0 1 0 
*R-S Latch
2564096 1359872 573440 655360 
40960 40960 5652480 4014080 
7 10 2 1
<2 1925 2 1 8 
<2 4809 1 1 9 
>0 2744 7 1 0 
R0 2711552 1282048 327680 286720 8 0 1 1 
A0 1900544 1470464 327680 286720 6 5 1 0 
T424 174 1 2 2 7 
T426 254 2 1 3 
T205 255 3 1 4 
T204 205 4 1 5 
N0 1056768 1449984 327680 245760 9 1 6 
A0 1966080 1372160 327680 286720 7 6 1 2 
A0 1974272 1691648 327680 286720 8 4 1 1 
T132 233 3 2 4 5 
T132 193 5 1 6 
N0 417792 1687552 327680 245760 9 1 8 
N0 2613248 2834432 327680 245760 6 1 3 
T217 362 4 2 5 6 
T228 469 8 2 9 10 
T471 469 13 1 15 
T301 468 10 2 11 12 
T386 468 12 2 13 14 
A0 2600663 2912340 332429 292571 49 48 1 36 
T51 478 37 3 38 45 52 
T613 477 38 1 39 
T52 460 40 4 41 44 50 65 
T596 466 41 1 42 
A0 3406803 3413891 332429 292571 46 43 1 47 
A0 2999578 3221629 332429 292571 44 45 1 46 
A0 2210059 2686642 332429 292571 50 51 1 49 
N0 1777901 3066984 332429 250776 52 1 51 
A1 1167063 2791131 290875 334367 56 54 1 53 
A0 1545201 2377352 332429 292571 64 53 1 55 
A0 755682 1942674 332429 292571 61 58 1 57 
A1 460652 2147474 290875 334367 62 59 1 58 
N0 331835 1921776 332429 250776 60 1 61 
N1 340146 2590511 249322 334367 63 1 62 
N0 1129665 2348095 332429 250776 65 1 64 
0 