This is an xLogicCircuits data file.
DO NOT EDIT THIS FILE!
File format version 1.0
1 
=R-S Latch
0 0 5734400 4096000 
0 0 5734400 4096000 
7 10 2 1
<2 1925 -1 1 8 
<2 4809 -1 1 9 
>0 2744 7 0 
R0 2750256 1307376 332429 292571 8 0 1 1 
A0 1927494 1499638 332429 292571 6 5 1 0 
T431 178 1 2 2 7 
T433 260 2 1 3 
T208 261 3 1 4 
T207 210 4 1 5 
N0 1071490 1478740 332429 250776 9 1 6 
4 
D Latch
163840 81920 573440 655360 
40960 40960 5652480 4014080 
6 10 2 1
<3 1422 -1 1 3 
<2 2826 -1 2 7 9 
>0 3105 0 0 
*R-S Latch
2564096 1359872 573440 655360 
40960 40960 5652480 4014080 
7 10 2 1
<2 1925 2 1 8 
<2 4809 1 1 9 
>0 2744 7 1 0 
R0 2711552 1282048 327680 286720 8 0 1 1 
A0 1900544 1470464 327680 286720 6 5 1 0 
T424 174 1 2 2 7 
T426 254 2 1 3 
T205 255 3 1 4 
T204 205 4 1 5 
N0 1056768 1449984 327680 245760 9 1 6 
A0 1966080 1372160 327680 286720 7 6 1 2 
A0 1974272 1691648 327680 286720 8 4 1 1 
T132 233 3 2 4 5 
T132 193 5 1 6 
N0 417792 1687552 327680 245760 9 1 8 
Flip Flop
163840 81920 573440 655360 
40960 40960 5652480 4014080 
4 7 2 1
<2 2449 -1 1 2 
<3 2452 -1 1 4 
>0 4383 0 0 
*D Latch
1662976 1024000 573440 655360 
40960 40960 5652480 4014080 
6 10 2 1
<3 1422 5 1 3 
<2 2826 2 2 7 9 
>0 3105 0 1 1 
*R-S Latch
2564096 1359872 573440 655360 
40960 40960 5652480 4014080 
7 10 2 1
<2 1925 2 1 8 
<2 4809 1 1 9 
>0 2744 7 1 0 
R0 2711552 1282048 327680 286720 8 0 1 1 
A0 1900544 1470464 327680 286720 6 5 1 0 
T424 174 1 2 2 7 
T426 254 2 1 3 
T205 255 3 1 4 
T204 205 4 1 5 
N0 1056768 1449984 327680 245760 9 1 6 
A0 1966080 1372160 327680 286720 7 6 1 2 
A0 1974272 1691648 327680 286720 8 4 1 1 
T132 233 3 2 4 5 
T132 193 5 1 6 
N0 417792 1687552 327680 245760 9 1 8 
*D Latch
3112960 1966080 573440 655360 
40960 40960 5652480 4014080 
6 10 2 1
<3 1422 3 1 3 
<2 2826 1 2 7 9 
>0 3105 0 1 0 
*R-S Latch
2564096 1359872 573440 655360 
40960 40960 5652480 4014080 
7 10 2 1
<2 1925 2 1 8 
<2 4809 1 1 9 
>0 2744 7 1 0 
R0 2711552 1282048 327680 286720 8 0 1 1 
A0 1900544 1470464 327680 286720 6 5 1 0 
T424 174 1 2 2 7 
T426 254 2 1 3 
T205 255 3 1 4 
T204 205 4 1 5 
N0 1056768 1449984 327680 245760 9 1 6 
A0 1966080 1372160 327680 286720 7 6 1 2 
A0 1974272 1691648 327680 286720 8 4 1 1 
T132 233 3 2 4 5 
T132 193 5 1 6 
N0 417792 1687552 327680 245760 9 1 8 
N0 2613248 2834432 327680 245760 6 1 3 
T217 362 4 2 5 6 
4-bit Register
163840 81920 573440 655360 
40960 40960 5652480 4014080 
8 16 5 4
<2 1778 -1 1 4 
<2 3006 -1 1 5 
<2 4301 -1 1 6 
<2 5317 -1 1 7 
<3 2616 -1 1 8 
>0 2023 3 0 
>0 3187 2 0 
>0 4252 1 0 
>0 5235 0 0 
*Flip Flop
1638400 475136 573440 655360 
40960 40960 5652480 4014080 
4 7 2 1
<2 2449 4 1 2 
<3 2452 9 1 4 
>0 4383 0 1 3 
*D Latch
1662976 1024000 573440 655360 
40960 40960 5652480 4014080 
6 10 2 1
<3 1422 5 1 3 
<2 2826 2 2 7 9 
>0 3105 0 1 1 
*R-S Latch
2564096 1359872 573440 655360 
40960 40960 5652480 4014080 
7 10 2 1
<2 1925 2 1 8 
<2 4809 1 1 9 
>0 2744 7 1 0 
R0 2711552 1282048 327680 286720 8 0 1 1 
A0 1900544 1470464 327680 286720 6 5 1 0 
T424 174 1 2 2 7 
T426 254 2 1 3 
T205 255 3 1 4 
T204 205 4 1 5 
N0 1056768 1449984 327680 245760 9 1 6 
A0 1966080 1372160 327680 286720 7 6 1 2 
A0 1974272 1691648 327680 286720 8 4 1 1 
T132 233 3 2 4 5 
T132 193 5 1 6 
N0 417792 1687552 327680 245760 9 1 8 
*D Latch
3112960 1966080 573440 655360 
40960 40960 5652480 4014080 
6 10 2 1
<3 1422 3 1 3 
<2 2826 1 2 7 9 
>0 3105 0 1 0 
*R-S Latch
2564096 1359872 573440 655360 
40960 40960 5652480 4014080 
7 10 2 1
<2 1925 2 1 8 
<2 4809 1 1 9 
>0 2744 7 1 0 
R0 2711552 1282048 327680 286720 8 0 1 1 
A0 1900544 1470464 327680 286720 6 5 1 0 
T424 174 1 2 2 7 
T426 254 2 1 3 
T205 255 3 1 4 
T204 205 4 1 5 
N0 1056768 1449984 327680 245760 9 1 6 
A0 1966080 1372160 327680 286720 7 6 1 2 
A0 1974272 1691648 327680 286720 8 4 1 1 
T132 233 3 2 4 5 
T132 193 5 1 6 
N0 417792 1687552 327680 245760 9 1 8 
N0 2613248 2834432 327680 245760 6 1 3 
T217 362 4 2 5 6 
*Flip Flop
2318336 1327104 573440 655360 
40960 40960 5652480 4014080 
4 7 2 1
<2 2449 5 1 2 
<3 2452 11 1 4 
>0 4383 0 1 2 
*D Latch
1662976 1024000 573440 655360 
40960 40960 5652480 4014080 
6 10 2 1
<3 1422 5 1 3 
<2 2826 2 2 7 9 
>0 3105 0 1 1 
*R-S Latch
2564096 1359872 573440 655360 
40960 40960 5652480 4014080 
7 10 2 1
<2 1925 2 1 8 
<2 4809 1 1 9 
>0 2744 7 1 0 
R0 2711552 1282048 327680 286720 8 0 1 1 
A0 1900544 1470464 327680 286720 6 5 1 0 
T424 174 1 2 2 7 
T426 254 2 1 3 
T205 255 3 1 4 
T204 205 4 1 5 
N0 1056768 1449984 327680 245760 9 1 6 
A0 1966080 1372160 327680 286720 7 6 1 2 
A0 1974272 1691648 327680 286720 8 4 1 1 
T132 233 3 2 4 5 
T132 193 5 1 6 
N0 417792 1687552 327680 245760 9 1 8 
*D Latch
3112960 1966080 573440 655360 
40960 40960 5652480 4014080 
6 10 2 1
<3 1422 3 1 3 
<2 2826 1 2 7 9 
>0 3105 0 1 0 
*R-S Latch
2564096 1359872 573440 655360 
40960 40960 5652480 4014080 
7 10 2 1
<2 1925 2 1 8 
<2 4809 1 1 9 
>0 2744 7 1 0 
R0 2711552 1282048 327680 286720 8 0 1 1 
A0 1900544 1470464 327680 286720 6 5 1 0 
T424 174 1 2 2 7 
T426 254 2 1 3 
T205 255 3 1 4 
T204 205 4 1 5 
N0 1056768 1449984 327680 245760 9 1 6 
A0 1966080 1372160 327680 286720 7 6 1 2 
A0 1974272 1691648 327680 286720 8 4 1 1 
T132 233 3 2 4 5 
T132 193 5 1 6 
N0 417792 1687552 327680 245760 9 1 8 
N0 2613248 2834432 327680 245760 6 1 3 
T217 362 4 2 5 6 
*Flip Flop
2965504 2187264 573440 655360 
40960 40960 5652480 4014080 
4 7 2 1
<2 2449 6 1 2 
<3 2452 14 1 4 
>0 4383 0 1 1 
*D Latch
1662976 1024000 573440 655360 
40960 40960 5652480 4014080 
6 10 2 1
<3 1422 5 1 3 
<2 2826 2 2 7 9 
>0 3105 0 1 1 
*R-S Latch
2564096 1359872 573440 655360 
40960 40960 5652480 4014080 
7 10 2 1
<2 1925 2 1 8 
<2 4809 1 1 9 
>0 2744 7 1 0 
R0 2711552 1282048 327680 286720 8 0 1 1 
A0 1900544 1470464 327680 286720 6 5 1 0 
T424 174 1 2 2 7 
T426 254 2 1 3 
T205 255 3 1 4 
T204 205 4 1 5 
N0 1056768 1449984 327680 245760 9 1 6 
A0 1966080 1372160 327680 286720 7 6 1 2 
A0 1974272 1691648 327680 286720 8 4 1 1 
T132 233 3 2 4 5 
T132 193 5 1 6 
N0 417792 1687552 327680 245760 9 1 8 
*D Latch
3112960 1966080 573440 655360 
40960 40960 5652480 4014080 
6 10 2 1
<3 1422 3 1 3 
<2 2826 1 2 7 9 
>0 3105 0 1 0 
*R-S Latch
2564096 1359872 573440 655360 
40960 40960 5652480 4014080 
7 10 2 1
<2 1925 2 1 8 
<2 4809 1 1 9 
>0 2744 7 1 0 
R0 2711552 1282048 327680 286720 8 0 1 1 
A0 1900544 1470464 327680 286720 6 5 1 0 
T424 174 1 2 2 7 
T426 254 2 1 3 
T205 255 3 1 4 
T204 205 4 1 5 
N0 1056768 1449984 327680 245760 9 1 6 
A0 1966080 1372160 327680 286720 7 6 1 2 
A0 1974272 1691648 327680 286720 8 4 1 1 
T132 233 3 2 4 5 
T132 193 5 1 6 
N0 417792 1687552 327680 245760 9 1 8 
N0 2613248 2834432 327680 245760 6 1 3 
T217 362 4 2 5 6 
*Flip Flop
3653632 3039232 573440 655360 
40960 40960 5652480 4014080 
4 7 2 1
<2 2449 7 1 2 
<3 2452 15 1 4 
>0 4383 0 1 0 
*D Latch
1662976 1024000 573440 655360 
40960 40960 5652480 4014080 
6 10 2 1
<3 1422 5 1 3 
<2 2826 2 2 7 9 
>0 3105 0 1 1 
*R-S Latch
2564096 1359872 573440 655360 
40960 40960 5652480 4014080 
7 10 2 1
<2 1925 2 1 8 
<2 4809 1 1 9 
>0 2744 7 1 0 
R0 2711552 1282048 327680 286720 8 0 1 1 
A0 1900544 1470464 327680 286720 6 5 1 0 
T424 174 1 2 2 7 
T426 254 2 1 3 
T205 255 3 1 4 
T204 205 4 1 5 
N0 1056768 1449984 327680 245760 9 1 6 
A0 1966080 1372160 327680 286720 7 6 1 2 
A0 1974272 1691648 327680 286720 8 4 1 1 
T132 233 3 2 4 5 
T132 193 5 1 6 
N0 417792 1687552 327680 245760 9 1 8 
*D Latch
3112960 1966080 573440 655360 
40960 40960 5652480 4014080 
6 10 2 1
<3 1422 3 1 3 
<2 2826 1 2 7 9 
>0 3105 0 1 0 
*R-S Latch
2564096 1359872 573440 655360 
40960 40960 5652480 4014080 
7 10 2 1
<2 1925 2 1 8 
<2 4809 1 1 9 
>0 2744 7 1 0 
R0 2711552 1282048 327680 286720 8 0 1 1 
A0 1900544 1470464 327680 286720 6 5 1 0 
T424 174 1 2 2 7 
T426 254 2 1 3 
T205 255 3 1 4 
T204 205 4 1 5 
N0 1056768 1449984 327680 245760 9 1 6 
A0 1966080 1372160 327680 286720 7 6 1 2 
A0 1974272 1691648 327680 286720 8 4 1 1 
T132 233 3 2 4 5 
T132 193 5 1 6 
N0 417792 1687552 327680 245760 9 1 8 
N0 2613248 2834432 327680 245760 6 1 3 
T217 362 4 2 5 6 
T228 469 8 2 9 10 
T471 469 13 1 15 
T301 468 10 2 11 12 
T386 468 12 2 13 14 
Binary Count
163840 81920 573440 655360 
40960 40960 5652480 4014080 
13 20 0 4
>0 6513 0 0 
>0 4809 1 0 
>0 3006 2 0 
>0 1171 3 0 
*Clock
147456 3661824 573440 311296 
40960 40960 5652480 4014080 
67 68 0 1
>0 4088 67 1 7 
N0 278528 950272 327680 245760 64 1 0 
T88 132 0 1 1 
T101 81 1 1 2 
T104 182 2 1 3 
T130 79 3 1 4 
T137 186 4 1 5 
T163 78 5 1 6 
T169 187 6 1 7 
T190 78 7 1 8 
T196 185 8 1 9 
T214 70 9 1 10 
T222 183 10 1 11 
T242 69 11 1 12 
T246 183 12 1 13 
T272 71 13 1 14 
T270 172 14 1 15 
T306 75 15 1 16 
T312 167 16 1 17 
T336 71 17 1 18 
T342 172 18 1 19 
T368 72 19 1 20 
T375 166 20 1 21 
T407 74 21 1 22 
T412 163 22 1 23 
T435 76 23 1 24 
T447 165 24 1 25 
T470 81 25 1 26 
T478 158 26 1 27 
T498 79 27 1 28 
T526 154 28 1 29 
T565 77 29 1 30 
T574 159 30 1 31 
T597 73 31 1 32 
T610 158 32 1 33 
T641 70 33 1 65 
T625 430 66 1 34 
T598 348 34 1 35 
T589 435 35 1 36 
T575 348 36 1 37 
T550 435 37 1 38 
T532 353 38 1 39 
T504 431 39 1 40 
T496 344 40 1 41 
T469 430 41 1 42 
T451 345 42 1 43 
T428 419 43 1 44 
T405 341 44 1 45 
T380 418 45 1 46 
T365 324 46 1 47 
T343 409 47 1 48 
T328 314 48 1 49 
T299 414 49 1 50 
T289 310 50 1 51 
T259 403 51 1 52 
T254 305 52 1 53 
T220 395 53 1 54 
T212 301 54 1 55 
T180 385 55 1 56 
T176 288 56 1 57 
T138 380 57 1 58 
T128 267 58 1 59 
T104 374 59 1 60 
T93 271 60 1 61 
T65 369 61 1 62 
T59 272 62 1 63 
T29 367 63 1 64 
T634 255 65 2 66 67 
*Flip Flop
999424 2899968 573440 655360 
0 0 5734400 4096000 
4 7 2 1
<2 2449 19 1 2 
<3 2452 7 1 4 
>0 4383 0 3 0 4 11 
*D Latch
1686483 1044062 581751 668735 
40960 40960 5652480 4014080 
6 10 2 1
<3 1422 5 1 3 
<2 2826 2 2 7 9 
>0 3105 0 1 1 
*R-S Latch
2564096 1359872 573440 655360 
40960 40960 5652480 4014080 
7 10 2 1
<2 1925 2 1 8 
<2 4809 1 1 9 
>0 2744 7 1 0 
R0 2711552 1282048 327680 286720 8 0 1 1 
A0 1900544 1470464 327680 286720 6 5 1 0 
T424 174 1 2 2 7 
T426 254 2 1 3 
T205 255 3 1 4 
T204 205 4 1 5 
N0 1056768 1449984 327680 245760 9 1 6 
A0 1966080 1372160 327680 286720 7 6 1 2 
A0 1974272 1691648 327680 286720 8 4 1 1 
T132 233 3 2 4 5 
T132 193 5 1 6 
N0 417792 1687552 327680 245760 9 1 8 
*D Latch
3157482 2005368 581751 668735 
40960 40960 5652480 4014080 
6 10 2 1
<3 1422 3 1 3 
<2 2826 1 2 7 9 
>0 3105 0 1 0 
*R-S Latch
2564096 1359872 573440 655360 
40960 40960 5652480 4014080 
7 10 2 1
<2 1925 2 1 8 
<2 4809 1 1 9 
>0 2744 7 1 0 
R0 2711552 1282048 327680 286720 8 0 1 1 
A0 1900544 1470464 327680 286720 6 5 1 0 
T424 174 1 2 2 7 
T426 254 2 1 3 
T205 255 3 1 4 
T204 205 4 1 5 
N0 1056768 1449984 327680 245760 9 1 6 
A0 1966080 1372160 327680 286720 7 6 1 2 
A0 1974272 1691648 327680 286720 8 4 1 1 
T132 233 3 2 4 5 
T132 193 5 1 6 
N0 417792 1687552 327680 245760 9 1 8 
N0 2650528 2891442 332429 250776 6 1 3 
T221 370 4 2 5 6 
*Flip Flop
1794048 2080768 573440 655360 
40960 40960 5652480 4014080 
4 7 2 1
<2 2449 17 1 2 
<3 2452 4 1 4 
>0 4383 0 3 1 5 10 
*D Latch
1662976 1024000 573440 655360 
40960 40960 5652480 4014080 
6 10 2 1
<3 1422 5 1 3 
<2 2826 2 2 7 9 
>0 3105 0 1 1 
*R-S Latch
2564096 1359872 573440 655360 
40960 40960 5652480 4014080 
7 10 2 1
<2 1925 2 1 8 
<2 4809 1 1 9 
>0 2744 7 1 0 
R0 2711552 1282048 327680 286720 8 0 1 1 
A0 1900544 1470464 327680 286720 6 5 1 0 
T424 174 1 2 2 7 
T426 254 2 1 3 
T205 255 3 1 4 
T204 205 4 1 5 
N0 1056768 1449984 327680 245760 9 1 6 
A0 1966080 1372160 327680 286720 7 6 1 2 
A0 1974272 1691648 327680 286720 8 4 1 1 
T132 233 3 2 4 5 
T132 193 5 1 6 
N0 417792 1687552 327680 245760 9 1 8 
*D Latch
3112960 1966080 573440 655360 
40960 40960 5652480 4014080 
6 10 2 1
<3 1422 3 1 3 
<2 2826 1 2 7 9 
>0 3105 0 1 0 
*R-S Latch
2564096 1359872 573440 655360 
40960 40960 5652480 4014080 
7 10 2 1
<2 1925 2 1 8 
<2 4809 1 1 9 
>0 2744 7 1 0 
R0 2711552 1282048 327680 286720 8 0 1 1 
A0 1900544 1470464 327680 286720 6 5 1 0 
T424 174 1 2 2 7 
T426 254 2 1 3 
T205 255 3 1 4 
T204 205 4 1 5 
N0 1056768 1449984 327680 245760 9 1 6 
A0 1966080 1372160 327680 286720 7 6 1 2 
A0 1974272 1691648 327680 286720 8 4 1 1 
T132 233 3 2 4 5 
T132 193 5 1 6 
N0 417792 1687552 327680 245760 9 1 8 
N0 2613248 2834432 327680 245760 6 1 3 
T217 362 4 2 5 6 
*Flip Flop
2670592 1171456 573440 655360 
40960 40960 5652480 4014080 
4 7 2 1
<2 2449 15 1 2 
<3 2452 5 1 4 
>0 4383 0 3 2 6 9 
*D Latch
1662976 1024000 573440 655360 
40960 40960 5652480 4014080 
6 10 2 1
<3 1422 5 1 3 
<2 2826 2 2 7 9 
>0 3105 0 1 1 
*R-S Latch
2564096 1359872 573440 655360 
40960 40960 5652480 4014080 
7 10 2 1
<2 1925 2 1 8 
<2 4809 1 1 9 
>0 2744 7 1 0 
R0 2711552 1282048 327680 286720 8 0 1 1 
A0 1900544 1470464 327680 286720 6 5 1 0 
T424 174 1 2 2 7 
T426 254 2 1 3 
T205 255 3 1 4 
T204 205 4 1 5 
N0 1056768 1449984 327680 245760 9 1 6 
A0 1966080 1372160 327680 286720 7 6 1 2 
A0 1974272 1691648 327680 286720 8 4 1 1 
T132 233 3 2 4 5 
T132 193 5 1 6 
N0 417792 1687552 327680 245760 9 1 8 
*D Latch
3112960 1966080 573440 655360 
40960 40960 5652480 4014080 
6 10 2 1
<3 1422 3 1 3 
<2 2826 1 2 7 9 
>0 3105 0 1 0 
*R-S Latch
2564096 1359872 573440 655360 
40960 40960 5652480 4014080 
7 10 2 1
<2 1925 2 1 8 
<2 4809 1 1 9 
>0 2744 7 1 0 
R0 2711552 1282048 327680 286720 8 0 1 1 
A0 1900544 1470464 327680 286720 6 5 1 0 
T424 174 1 2 2 7 
T426 254 2 1 3 
T205 255 3 1 4 
T204 205 4 1 5 
N0 1056768 1449984 327680 245760 9 1 6 
A0 1966080 1372160 327680 286720 7 6 1 2 
A0 1974272 1691648 327680 286720 8 4 1 1 
T132 233 3 2 4 5 
T132 193 5 1 6 
N0 417792 1687552 327680 245760 9 1 8 
N0 2613248 2834432 327680 245760 6 1 3 
T217 362 4 2 5 6 
*Flip Flop
3399680 311296 573440 655360 
40960 40960 5652480 4014080 
4 7 2 1
<2 2449 13 1 2 
<3 2452 6 1 4 
>0 4383 0 2 3 8 
*D Latch
1662976 1024000 573440 655360 
40960 40960 5652480 4014080 
6 10 2 1
<3 1422 5 1 3 
<2 2826 2 2 7 9 
>0 3105 0 1 1 
*R-S Latch
2564096 1359872 573440 655360 
40960 40960 5652480 4014080 
7 10 2 1
<2 1925 2 1 8 
<2 4809 1 1 9 
>0 2744 7 1 0 
R0 2711552 1282048 327680 286720 8 0 1 1 
A0 1900544 1470464 327680 286720 6 5 1 0 
T424 174 1 2 2 7 
T426 254 2 1 3 
T205 255 3 1 4 
T204 205 4 1 5 
N0 1056768 1449984 327680 245760 9 1 6 
A0 1966080 1372160 327680 286720 7 6 1 2 
A0 1974272 1691648 327680 286720 8 4 1 1 
T132 233 3 2 4 5 
T132 193 5 1 6 
N0 417792 1687552 327680 245760 9 1 8 
*D Latch
3112960 1966080 573440 655360 
40960 40960 5652480 4014080 
6 10 2 1
<3 1422 3 1 3 
<2 2826 1 2 7 9 
>0 3105 0 1 0 
*R-S Latch
2564096 1359872 573440 655360 
40960 40960 5652480 4014080 
7 10 2 1
<2 1925 2 1 8 
<2 4809 1 1 9 
>0 2744 7 1 0 
R0 2711552 1282048 327680 286720 8 0 1 1 
A0 1900544 1470464 327680 286720 6 5 1 0 
T424 174 1 2 2 7 
T426 254 2 1 3 
T205 255 3 1 4 
T204 205 4 1 5 
N0 1056768 1449984 327680 245760 9 1 6 
A0 1966080 1372160 327680 286720 7 6 1 2 
A0 1974272 1691648 327680 286720 8 4 1 1 
T132 233 3 2 4 5 
T132 193 5 1 6 
N0 417792 1687552 327680 245760 9 1 8 
N0 2613248 2834432 327680 245760 6 1 3 
T217 362 4 2 5 6 
N2 1343488 2695168 327680 245760 11 1 18 
N2 2138112 1867776 327680 245760 10 1 16 
N2 2990080 974848 327680 245760 9 1 14 
N2 3710976 122880 327680 245760 8 1 12 
T392 32 12 1 13 
T308 135 14 1 15 
T196 243 16 1 17 
T98 345 18 1 19 